9695949392919089888786858483828180797877767574737271706967666564636261605857565554535251504948474645444342414039383736343332313029282726252423222120191817161514131110987654321023456789101112131415161718192021222324252627282930313233343536373839404142434445464748
979695949392919089888786858483828180797877767574737271706867666564636261595857565554535251504948474645444342414039383735343332313029282726252423222120191817161514121110987654321445678910111213141516171819202122232425262728293031323334353637383940414243444546474849
98979695949392919089888786858483828180797877767574737271696867666564636260595857565554535251504948474645444342414039383635343332313029282726252423222120191817161513121110987654326567891011121314151617181920212223242526272829303132333435363738394041424344454647484950
9998979695949392919089888786858483828180797877767574737270696867666564636160595857565554535251504948474645444342414039373635343332313029282726252423222120191817161413121110987654386789101112131415161718192021222324252627282930313233343536373839404142434445464748495051
10099989796959493929190898887868584838281807978777675747371706968676665646261605958575655545352515049484746454443424140383736353433323130292827262524232221201918171514131211109876541078910111213141516171819202122232425262728293031323334353637383940414243444546474849505152
10110099989796959493929190898887868584838281807978777675747271706968676665636261605958575655545352515049484746454443424139383736353433323130292827262524232221201918161514131211109876512891011121314151617181920212223242526272829303132333435363738394041424344454647484950515253
10210110099989796959493929190898887868584838281807978777675737271706968676664636261605958575655545352515049484746454443424039383736353433323130292827262524232221201917161514131211109876149101112131415161718192021222324252627282930313233343536373839404142434445464748495051525354
10310210110099989796959493929190898887868584838281807978777674737271706968676564636261605958575655545352515049484746454443414039383736353433323130292827262524232221201817161514131211109871610111213141516171819202122232425262728293031323334353637383940414243444546474849505152535455
1041031021011009998979695949392919089888786858483828180797877757473727170696866656463626160595857565554535251504948474645444241403938373635343332313029282726252423222119181716151413121110981811121314151617181920212223242526272829303132333435363738394041424344454647484950515253545556
105104103102101100999897969594939291908988878685848382818079787675747372717069676665646362616059585756555453525150494847464543424140393837363534333231302928272625242322201918171615141312111092012131415161718192021222324252627282930313233343536373839404142434445464748495051525354555657
10610510410310210110099989796959493929190898887868584838281807977767574737271706867666564636261605958575655545352515049484746444342414039383736353433323130292827262524232120191817161514131211102213141516171819202122232425262728293031323334353637383940414243444546474849505152535455565758
107106105104103102101100999897969594939291908988878685848382818078777675747372716968676665646362616059585756555453525150494847454443424140393837363534333231302928272625242221201918171615141312112414151617181920212223242526272829303132333435363738394041424344454647484950515253545556575859
1081071061051041031021011009998979695949392919089888786858483828179787776757473727069686766656463626160595857565554535251504948464544434241403938373635343332313029282726252322212019181716151413122615161718192021222324252627282930313233343536373839404142434445464748495051525354555657585960
10910810710610510410310210110099989796959493929190898887868584838280797877767574737170696867666564636261605958575655545352515049474645444342414039383736353433323130292827262423222120191817161514132816171819202122232425262728293031323334353637383940414243444546474849505152535455565758596061
110109108107106105104103102101100999897969594939291908988878685848381807978777675747271706968676665646362616059585756555453525150484746454443424140393837363534333231302928272524232221201918171615143017181920212223242526272829303132333435363738394041424344454647484950515253545556575859606162
1111101091081071061051041031021011009998979695949392919089888786858482818079787776757372717069686766656463626160595857565554535251494847464544434241403938373635343332313029282625242322212019181716153218192021222324252627282930313233343536373839404142434445464748495051525354555657585960616263
11211111010910810710610510410310210110099989796959493929190898887868583828180797877767473727170696867666564636261605958575655545352504948474645444342414039383736353433323130292726252423222120191817163419202122232425262728293031323334353637383940414243444546474849505152535455565758596061626364
113112111110109108107106105104103102101100999897969594939291908988878684838281807978777574737271706968676665646362616059585756555453515049484746454443424140393837363534333231302827262524232221201918173620212223242526272829303132333435363738394041424344454647484950515253545556575859606162636465
1141131121111101091081071061051041031021011009998979695949392919089888785848382818079787675747372717069686766656463626160595857565554525150494847464544434241403938373635343332312928272625242322212019183821222324252627282930313233343536373839404142434445464748495051525354555657585960616263646566
11511411311211111010910810710610510410310210110099989796959493929190898886858483828180797776757473727170696867666564636261605958575655535251504948474645444342414039383736353433323029282726252423222120194022232425262728293031323334353637383940414243444546474849505152535455565758596061626364656667
116115114113112111110109108107106105104103102101100999897969594939291908987868584838281807877767574737271706968676665646362616059585756545352515049484746454443424140393837363534333130292827262524232221204223242526272829303132333435363738394041424344454647484950515253545556575859606162636465666768
1171161151141131121111101091081071061051041031021011009998979695949392919088878685848382817978777675747372717069686766656463626160595857555453525150494847464544434241403938373635343231302928272625242322214424252627282930313233343536373839404142434445464748495051525354555657585960616263646566676869
11811711611511411311211111010910810710610510410310210110099989796959493929189888786858483828079787776757473727170696867666564636261605958565554535251504948474645444342414039383736353332313029282726252423224625262728293031323334353637383940414243444546474849505152535455565758596061626364656667686970
119118117116115114113112111110109108107106105104103102101100999897969594939290898887868584838180797877767574737271706968676665646362616059575655545352515049484746454443424140393837363433323130292827262524234826272829303132333435363738394041424344454647484950515253545556575859606162636465666768697071
1201191181171161151141131121111101091081071061051041031021011009998979695949391908988878685848281807978777675747372717069686766656463626160585756555453525150494847464544434241403938373534333231302928272625245027282930313233343536373839404142434445464748495051525354555657585960616263646566676869707172
12112011911811711611511411311211111010910810710610510410310210110099989796959492919089888786858382818079787776757473727170696867666564636261595857565554535251504948474645444342414039383635343332313029282726255228293031323334353637383940414243444546474849505152535455565758596061626364656667686970717273
122121120119118117116115114113112111110109108107106105104103102101100999897969593929190898887868483828180797877767574737271706968676665646362605958575655545352515049484746454443424140393736353433323130292827265429303132333435363738394041424344454647484950515253545556575859606162636465666768697071727374
1231221211201191181171161151141131121111101091081071061051041031021011009998979694939291908988878584838281807978777675747372717069686766656463616059585756555453525150494847464544434241403837363534333231302928275630313233343536373839404142434445464748495051525354555657585960616263646566676869707172737475
12412312212112011911811711611511411311211111010910810710610510410310210110099989795949392919089888685848382818079787776757473727170696867666564626160595857565554535251504948474645444342413938373635343332313029285831323334353637383940414243444546474849505152535455565758596061626364656667686970717273747576
125124123122121120119118117116115114113112111110109108107106105104103102101100999896959493929190898786858483828180797877767574737271706968676665636261605958575655545352515049484746454443424039383736353433323130296032333435363738394041424344454647484950515253545556575859606162636465666768697071727374757677
1261251241231221211201191181171161151141131121111101091081071061051041031021011009997969594939291908887868584838281807978777675747372717069686766646362616059585756555453525150494847464544434140393837363534333231306233343536373839404142434445464748495051525354555657585960616263646566676869707172737475767778
12712612512412312212112011911811711611511411311211111010910810710610510410310210110098979695949392918988878685848382818079787776757473727170696867656463626160595857565554535251504948474645444241403938373635343332316434353637383940414243444546474849505152535455565758596061626364656667686970717273747576777879
12812712612512412312212112011911811711611511411311211111010910810710610510410310210199989796959493929089888786858483828180797877767574737271706968666564636261605958575655545352515049484746454342414039383736353433326635363738394041424344454647484950515253545556575859606162636465666768697071727374757677787980
129128127126125124123122121120119118117116115114113112111110109108107106105104103102100999897969594939190898887868584838281807978777675747372717069676665646362616059585756555453525150494847464443424140393837363534336836373839404142434445464748495051525354555657585960616263646566676869707172737475767778798081
22322121921721521321120920720520320119919719519319118918718518318117917717517317116916616416216015815615415214914714514314113913713513313112912712512312111911711511311110910710510210098969492908886848280787674727068666462605755535149474543413937357138394041424344454647484950515253545556575859606162636465666768697071727374757677787980818283
132131130129128127126125124123122121120119118117116115114113112111110109108107106105103102101100999897969493929190898887868584838281807978777675747372706968676665646362616059585756555453525150494746454443424140393837367339404142434445464748495051525354555657585960616263646566676869707172737475767778798081828384
1331321311301291281271261251241231221211201191181171161151141131121111101091081071061041031021011009998979594939291908988878685848382818079787776757473717069686766656463626160595857565554535251504847464544434241403938377540414243444546474849505152535455565758596061626364656667686970717273747576777879808182838485
2272252232212192172152132112092072052032011991971951931911891871851831811791771751731701681661641621601581561531511491471451431411391371351331311291271251231211191171151131111091061041021009896949290888684828078767472706866646159575553514947454341397842434445464748495051525354555657585960616263646566676869707172737475767778798081828384858687
1361351341331321311301291281271261251241231221211201191181171161151141131121111101091071061051041031021011009897969594939291908988878685848382818079787776747372717069686766656463626160595857565554535150494847464544434241408043444546474849505152535455565758596061626364656667686970717273747576777879808182838485868788
1371361351341331321311301291281271261251241231221211201191181171161151141131121111101081071061051041031021019998979695949392919089888786858483828180797877757473727170696867666564636261605958575655545251504948474645444342418244454647484950515253545556575859606162636465666768697071727374757677787980818283848586878889
13813713613513413313213113012912812712612512412312212112011911811711611511411311211110910810710610510410310210099989796959493929190898887868584838281807978767574737271706968676665646362616059585756555352515049484746454443428445464748495051525354555657585960616263646566676869707172737475767778798081828384858687888990
139138137136135134133132131130129128127126125124123122121120119118117116115114113112110109108107106105104103101100999897969594939291908988878685848382818079777675747372717069686766656463626160595857565453525150494847464544438646474849505152535455565758596061626364656667686970717273747576777879808182838485868788899091
1401391381371361351341331321311301291281271261251241231221211201191181171161151141131111101091081071061051041021011009998979695949392919089888786858483828180787776757473727170696867666564636261605958575554535251504948474645448847484950515253545556575859606162636465666768697071727374757677787980818283848586878889909192
14114013913813713613513413313213113012912812712612512412312212112011911811711611511411211111010910810710610510310210110099989796959493929190898887868584838281797877767574737271706968676665646362616059585655545352515049484746459048495051525354555657585960616263646566676869707172737475767778798081828384858687888990919293
142141140139138137136135134133132131130129128127126125124123122121120119118117116115113112111110109108107106104103102101100999897969594939291908988878685848382807978777675747372717069686766656463626160595756555453525150494847469249505152535455565758596061626364656667686970717273747576777879808182838485868788899091929394
1431421411401391381371361351341331321311301291281271261251241231221211201191181171161141131121111101091081071051041031021011009998979695949392919089888786858483818079787776757473727170696867666564636261605857565554535251504948479450515253545556575859606162636465666768697071727374757677787980818283848586878889909192939495
14414314214114013913813713613513413313213113012912812712612512412312212112011911811711511411311211111010910810610510410310210110099989796959493929190898887868584828180797877767574737271706968676665646362615958575655545352515049489651525354555657585960616263646566676869707172737475767778798081828384858687888990919293949596
145144143142141140139138137136135134133132131130129128127126125124123122121120119118116115114113112111110109107106105104103102101100999897969594939291908988878685838281807978777675747372717069686766656463626059585756555453525150499852535455565758596061626364656667686970717273747576777879808182838485868788899091929394959697
14614514414314214114013913813713613513413313213113012912812712612512412312212112011911711611511411311211111010810710610510410310210110099989796959493929190898887868483828180797877767574737271706968676665646361605958575655545352515010053545556575859606162636465666768697071727374757677787980818283848586878889909192939495969798
147146145144143142141140139138137136135134133132131130129128127126125124123122121120118117116115114113112111109108107106105104103102101100999897969594939291908988878584838281807978777675747372717069686766656462616059585756555453525110254555657585960616263646566676869707172737475767778798081828384858687888990919293949596979899
14814714614514414314214114013913813713613513413313213113012912812712612512412312212111911811711611511411311211010910810710610510410310210110099989796959493929190898886858483828180797877767574737271706968676665636261605958575655545352104555657585960616263646566676869707172737475767778798081828384858687888990919293949596979899100
1491481471461451441431421411401391381371361351341331321311301291281271261251241231221201191181171161151141131111101091081071061051041031021011009998979695949392919089878685848382818079787776757473727170696867666463626160595857565554531065657585960616263646566676869707172737475767778798081828384858687888990919293949596979899100101
150149148147146145144143142141140139138137136135134133132131130129128127126125124123121120119118117116115114112111110109108107106105104103102101100999897969594939291908887868584838281807978777675747372717069686765646362616059585756555410857585960616263646566676869707172737475767778798081828384858687888990919293949596979899100101102
15115014914814714614514414314214114013913813713613513413313213113012912812712612512412212112011911811711611511311211111010910810710610510410310210110099989796959493929189888786858483828180797877767574737271706968666564636261605958575655110585960616263646566676869707172737475767778798081828384858687888990919293949596979899100101102103
1521511501491481471461451441431421411401391381371361351341331321311301291281271261251231221211201191181171161141131121111101091081071061051041031021011009998979695949392908988878685848382818079787776757473727170696766656463626160595857561125960616263646566676869707172737475767778798081828384858687888990919293949596979899100101102103104
246244242240238236234232230228226224222220218216214212210208206204202200198196194192189187185183181179177175172170168166164162160158156154152150148146144142140138136134132130128125123121119117115113111109107105103101999795939189878583807876747270686664626058115616263646566676869707172737475767778798081828384858687888990919293949596979899100101102103104105106
1551541531521511501491481471461451441431421411401391381371361351341331321311301291281261251241231221211201191171161151141131121111101091081071061051041031021011009998979695939291908988878685848382818079787776757473727069686766656463626160591176263646566676869707172737475767778798081828384858687888990919293949596979899100101102103104105106107
156155154153152151150149148147146145144143142141140139138137136135134133132131130129127126125124123122121120118117116115114113112111110109108107106105104103102101100999897969493929190898887868584838281807978777675747371706968676665646362616011963646566676869707172737475767778798081828384858687888990919293949596979899100101102103104105106107108
15715615515415315215115014914814714614514414314214114013913813713613513413313213113012812712612512412312212111911811711611511411311211111010910810710610510410310210110099989795949392919089888786858483828180797877767574727170696867666564636261121646566676869707172737475767778798081828384858687888990919293949596979899100101102103104105106107108109
1581571561551541531521511501491481471461451441431421411401391381371361351341331321311291281271261251241231221201191181171161151141131121111101091081071061051041031021011009998969594939291908988878685848382818079787776757372717069686766656463621236566676869707172737475767778798081828384858687888990919293949596979899100101102103104105106107108109110
252250248246244242240238236234232230228226224222220218216214212210208206204202200198195193191189187185183181178176174172170168166164162160158156154152150148146144142140138136134131129127125123121119117115113111109107105103101999795939189868482807876747270686664126676869707172737475767778798081828384858687888990919293949596979899100101102103104105106107108109110111112
161160159158157156155154153152151150149148147146145144143142141140139138137136135134132131130129128127126125123122121120119118117116115114113112111110109108107106105104103102101999897969594939291908988878685848382818079787675747372717069686766651286869707172737475767778798081828384858687888990919293949596979899100101102103104105106107108109110111112113
16216116015915815715615515415315215115014914814714614514414314214114013913813713613513313213113012912812712612412312212112011911811711611511411311211111010910810710610510410310210099989796959493929190898887868584838281807977767574737271706968676613069707172737475767778798081828384858687888990919293949596979899100101102103104105106107108109110111112113114
1631621611601591581571561551541531521511501491481471461451441431421411401391381371361341331321311301291281271251241231221211201191181171161151141131121111101091081071061051041031011009998979695949392919089888786858483828180787776757473727170696867132707172737475767778798081828384858687888990919293949596979899100101102103104105106107108109110111112113114115
164163162161160159158157156155154153152151150149148147146145144143142141140139138137135134133132131130129128126125124123122121120119118117116115114113112111110109108107106105104102101100999897969594939291908988878685848382817978777675747372717069681347172737475767778798081828384858687888990919293949596979899100101102103104105106107108109110111112113114115116
16516416316216116015915815715615515415315215115014914814714614514414314214114013913813613513413313213113012912712612512412312212112011911811711611511411311211111010910810710610510310210110099989796959493929190898887868584838280797877767574737271706913672737475767778798081828384858687888990919293949596979899100101102103104105106107108109110111112113114115116117
1661651641631621611601591581571561551541531521511501491481471461451441431421411401391371361351341331321311301281271261251241231221211201191181171161151141131121111101091081071061041031021011009998979695949392919089888786858483818079787776757473727170138737475767778798081828384858687888990919293949596979899100101102103104105106107108109110111112113114115116117118
167166165164163162161160159158157156155154153152151150149148147146145144143142141140138137136135134133132131129128127126125124123122121120119118117116115114113112111110109108107105104103102101100999897969594939291908988878685848281807978777675747372711407475767778798081828384858687888990919293949596979899100101102103104105106107108109110111112113114115116117118119
16816716616516416316216116015915815715615515415315215115014914814714614514414314214113913813713613513413313213012912812712612512412312212112011911811711611511411311211111010910810610510410310210110099989796959493929190898887868583828180797877767574737214275767778798081828384858687888990919293949596979899100101102103104105106107108109110111112113114115116117118119120
1691681671661651641631621611601591581571561551541531521511501491481471461451441431421401391381371361351341331311301291281271261251241231221211201191181171161151141131121111101091071061051041031021011009998979695949392919089888786848382818079787776757473144767778798081828384858687888990919293949596979899100101102103104105106107108109110111112113114115116117118119120121
170169168167166165164163162161160159158157156155154153152151150149148147146145144143141140139138137136135134132131130129128127126125124123122121120119118117116115114113112111110108107106105104103102101100999897969594939291908988878584838281807978777675741467778798081828384858687888990919293949596979899100101102103104105106107108109110111112113114115116117118119120121122
17117016916816716616516416316216116015915815715615515415315215115014914814714614514414214114013913813713613513313213113012912812712612512412312212112011911811711611511411311211110910810710610510410310210110099989796959493929190898886858483828180797877767514878798081828384858687888990919293949596979899100101102103104105106107108109110111112113114115116117118119120121122123
1721711701691681671661651641631621611601591581571561551541531521511501491481471461451431421411401391381371361341331321311301291281271261251241231221211201191181171161151141131121101091081071061051041031021011009998979695949392919089878685848382818079787776150798081828384858687888990919293949596979899100101102103104105106107108109110111112113114115116117118119120121122123124
173172171170169168167166165164163162161160159158157156155154153152151150149148147146144143142141140139138137135134133132131130129128127126125124123122121120119118117116115114113111110109108107106105104103102101100999897969594939291908887868584838281807978771528081828384858687888990919293949596979899100101102103104105106107108109110111112113114115116117118119120121122123124125
17417317217117016916816716616516416316216116015915815715615515415315215115014914814714514414314214114013913813613513413313213113012912812712612512412312212112011911811711611511411211111010910810710610510410310210110099989796959493929189888786858483828180797815481828384858687888990919293949596979899100101102103104105106107108109110111112113114115116117118119120121122123124125126
1751741731721711701691681671661651641631621611601591581571561551541531521511501491481461451441431421411401391371361351341331321311301291281271261251241231221211201191181171161151131121111101091081071061051041031021011009998979695949392908988878685848382818079156828384858687888990919293949596979899100101102103104105106107108109110111112113114115116117118119120121122123124125126127
176175174173172171170169168167166165164163162161160159158157156155154153152151150149147146145144143142141140138137136135134133132131130129128127126125124123122121120119118117116114113112111110109108107106105104103102101100999897969594939190898887868584838281801588384858687888990919293949596979899100101102103104105106107108109110111112113114115116117118119120121122123124125126127128
17717617517417317217117016916816716616516416316216116015915815715615515415315215115014814714614514414314214113913813713613513413313213113012912812712612512412312212112011911811711511411311211111010910810710610510410310210110099989796959492919089888786858483828116084858687888990919293949596979899100101102103104105106107108109110111112113114115116117118119120121122123124125126127128129
1781771761751741731721711701691681671661651641631621611601591581571561551541531521511491481471461451441431421401391381371361351341331321311301291281271261251241231221211201191181161151141131121111101091081071061051041031021011009998979695939291908988878685848382162858687888990919293949596979899100101102103104105106107108109110111112113114115116117118119120121122123124125126127128129130
179178177176175174173172171170169168167166165164163162161160159158157156155154153152150149148147146145144143141140139138137136135134133132131130129128127126125124123122121120119117116115114113112111110109108107106105104103102101100999897969493929190898887868584831648687888990919293949596979899100101102103104105106107108109110111112113114115116117118119120121122123124125126127128129130131
18017917817717617517417317217117016916816716616516416316216116015915815715615515415315115014914814714614514414214114013913813713613513413313213113012912812712612512412312212112011811711611511411311211111010910810710610510410310210110099989795949392919089888786858416687888990919293949596979899100101102103104105106107108109110111112113114115116117118119120121122123124125126127128129130131132
1811801791781771761751741731721711701691681671661651641631621611601591581571561551541521511501491481471461451431421411401391381371361351341331321311301291281271261251241231221211191181171161151141131121111101091081071061051041031021011009998969594939291908988878685168888990919293949596979899100101102103104105106107108109110111112113114115116117118119120121122123124125126127128129130131132133
2752732712692672652632612592572552532512492472452432412392372352332312292272252232212182162142122102082062042011991971951931911891871851831811791771751731711691671651631611591571541521501481461441421401381361341321301281261241221201181161141121091071051031019997959391898717190919293949596979899100101102103104105106107108109110111112113114115116117118119120121122123124125126127128129130131132133134135
184183182181180179178177176175174173172171170169168167166165164163162161160159158157155154153152151150149148146145144143142141140139138137136135134133132131130129128127126125124122121120119118117116115114113112111110109108107106105104103102101999897969594939291908988173919293949596979899100101102103104105106107108109110111112113114115116117118119120121122123124125126127128129130131132133134135136
18518418318218118017917817717617517417317217117016916816716616516416316216116015915815615515415315215115014914714614514414314214114013913813713613513413313213113012912812712612512312212112011911811711611511411311211111010910810710610510410310210099989796959493929190891759293949596979899100101102103104105106107108109110111112113114115116117118119120121122123124125126127128129130131132133134135136137
1861851841831821811801791781771761751741731721711701691681671661651641631621611601591571561551541531521511501481471461451441431421411401391381371361351341331321311301291281271261241231221211201191181171161151141131121111101091081071061051041031011009998979695949392919017793949596979899100101102103104105106107108109110111112113114115116117118119120121122123124125126127128129130131132133134135136137138
187186185184183182181180179178177176175174173172171170169168167166165164163162161160158157156155154153152151149148147146145144143142141140139138137136135134133132131130129128127125124123122121120119118117116115114113112111110109108107106105104102101100999897969594939291179949596979899100101102103104105106107108109110111112113114115116117118119120121122123124125126127128129130131132133134135136137138139
18818718618518418318218118017917817717617517417317217117016916816716616516416316216115915815715615515415315215014914814714614514414314214114013913813713613513413313213113012912812612512412312212112011911811711611511411311211111010910810710610510310210110099989796959493921819596979899100101102103104105106107108109110111112113114115116117118119120121122123124125126127128129130131132133134135136137138139140
1891881871861851841831821811801791781771761751741731721711701691681671661651641631621601591581571561551541531511501491481471461451441431421411401391381371361351341331321311301291271261251241231221211201191181171161151141131121111101091081071061041031021011009998979695949318396979899100101102103104105106107108109110111112113114115116117118119120121122123124125126127128129130131132133134135136137138139140141
190189188187186185184183182181180179178177176175174173172171170169168167166165164163161160159158157156155154152151150149148147146145144143142141140139138137136135134133132131130128127126125124123122121120119118117116115114113112111110109108107105104103102101100999897969594185979899100101102103104105106107108109110111112113114115116117118119120121122123124125126127128129130131132133134135136137138139140141142
19119018918818718618518418318218118017917817717617517417317217117016916816716616516416216116015915815715615515315215115014914814714614514414314214114013913813713613513413313213112912812712612512412312212112011911811711611511411311211111010910810610510410310210110099989796951879899100101102103104105106107108109110111112113114115116117118119120121122123124125126127128129130131132133134135136137138139140141142143
1921911901891881871861851841831821811801791781771761751741731721711701691681671661651631621611601591581571561541531521511501491481471461451441431421411401391381371361351341331321301291281271261251241231221211201191181171161151141131121111101091071061051041031021011009998979618999100101102103104105106107108109110111112113114115116117118119120121122123124125126127128129130131132133134135136137138139140141142143144
193192191190189188187186185184183182181180179178177176175174173172171170169168167166164163162161160159158157155154153152151150149148147146145144143142141140139138137136135134133131130129128127126125124123122121120119118117116115114113112111110108107106105104103102101100999897191100101102103104105106107108109110111112113114115116117118119120121122123124125126127128129130131132133134135136137138139140141142143144145
1941931921911901891881871861851841831821811801791781771761751741731721711701691681671651641631621611601591581561551541531521511501491481471461451441431421411401391381371361351341321311301291281271261251241231221211201191181171161151141131121111091081071061051041031021011009998193101102103104105106107108109110111112113114115116117118119120121122123124125126127128129130131132133134135136137138139140141142143144145146
19519419319219119018918818718618518418318218118017917817717617517417317217117016916816616516416316216116015915715615515415315215115014914814714614514414314214114013913813713613513313213113012912812712612512412312212112011911811711611511411311211010910810710610510410310210110099195102103104105106107108109110111112113114115116117118119120121122123124125126127128129130131132133134135136137138139140141142143144145146147
196195194193192191190189188187186185184183182181180179178177176175174173172171170169167166165164163162161160158157156155154153152151150149148147146145144143142141140139138137136134133132131130129128127126125124123122121120119118117116115114113111110109108107106105104103102101100197103104105106107108109110111112113114115116117118119120121122123124125126127128129130131132133134135136137138139140141142143144145146147148
197196195194193192191190189188187186185184183182181180179178177176175174173172171170168167166165164163162161159158157156155154153152151150149148147146145144143142141140139138137135134133132131130129128127126125124123122121120119118117116115114112111110109108107106105104103102101199104105106107108109110111112113114115116117118119120121122123124125126127128129130131132133134135136137138139140141142143144145146147148149
198197196195194193192191190189188187186185184183182181180179178177176175174173172171169168167166165164163162160159158157156155154153152151150149148147146145144143142141140139138136135134133132131130129128127126125124123122121120119118117116115113112111110109108107106105104103102201105106107108109110111112113114115116117118119120121122123124125126127128129130131132133134135136137138139140141142143144145146147148149150
199198197196195194193192191190189188187186185184183182181180179178177176175174173172170169168167166165164163161160159158157156155154153152151150149148147146145144143142141140139137136135134133132131130129128127126125124123122121120119118117116114113112111110109108107106105104103203106107108109110111112113114115116117118119120121122123124125126127128129130131132133134135136137138139140141142143144145146147148149150151
200199198197196195194193192191190189188187186185184183182181180179178177176175174173171170169168167166165164162161160159158157156155154153152151150149148147146145144143142141140138137136135134133132131130129128127126125124123122121120119118117115114113112111110109108107106105104205107108109110111112113114115116117118119120121122123124125126127128129130131132133134135136137138139140141142143144145146147148149150151152
201200199198197196195194193192191190189188187186185184183182181180179178177176175174172171170169168167166165163162161160159158157156155154153152151150149148147146145144143142141139138137136135134133132131130129128127126125124123122121120119118116115114113112111110109108107106105207108109110111112113114115116117118119120121122123124125126127128129130131132133134135136137138139140141142143144145146147148149150151152153
202201200199198197196195194193192191190189188187186185184183182181180179178177176175173172171170169168167166164163162161160159158157156155154153152151150149148147146145144143142140139138137136135134133132131130129128127126125124123122121120119117116115114113112111110109108107106209109110111112113114115116117118119120121122123124125126127128129130131132133134135136137138139140141142143144145146147148149150151152153154
203202201200199198197196195194193192191190189188187186185184183182181180179178177176174173172171170169168167165164163162161160159158157156155154153152151150149148147146145144143141140139138137136135134133132131130129128127126125124123122121120118117116115114113112111110109108107211110111112113114115116117118119120121122123124125126127128129130131132133134135136137138139140141142143144145146147148149150151152153154155
204203202201200199198197196195194193192191190189188187186185184183182181180179178177175174173172171170169168166165164163162161160159158157156155154153152151150149148147146145144142141140139138137136135134133132131130129128127126125124123122121119118117116115114113112111110109108213111112113114115116117118119120121122123124125126127128129130131132133134135136137138139140141142143144145146147148149150151152153154155156
205204203202201200199198197196195194193192191190189188187186185184183182181180179178176175174173172171170169167166165164163162161160159158157156155154153152151150149148147146145143142141140139138137136135134133132131130129128127126125124123122120119118117116115114113112111110109215112113114115116117118119120121122123124125126127128129130131132133134135136137138139140141142143144145146147148149150151152153154155156157
206205204203202201200199198197196195194193192191190189188187186185184183182181180179177176175174173172171170168167166165164163162161160159158157156155154153152151150149148147146144143142141140139138137136135134133132131130129128127126125124123121120119118117116115114113112111110217113114115116117118119120121122123124125126127128129130131132133134135136137138139140141142143144145146147148149150151152153154155156157158
207206205204203202201200199198197196195194193192191190189188187186185184183182181180178177176175174173172171169168167166165164163162161160159158157156155154153152151150149148147145144143142141140139138137136135134133132131130129128127126125124122121120119118117116115114113112111219114115116117118119120121122123124125126127128129130131132133134135136137138139140141142143144145146147148149150151152153154155156157158159
208207206205204203202201200199198197196195194193192191190189188187186185184183182181179178177176175174173172170169168167166165164163162161160159158157156155154153152151150149148146145144143142141140139138137136135134133132131130129128127126125123122121120119118117116115114113112221115116117118119120121122123124125126127128129130131132133134135136137138139140141142143144145146147148149150151152153154155156157158159160
209208207206205204203202201200199198197196195194193192191190189188187186185184183182180179178177176175174173171170169168167166165164163162161160159158157156155154153152151150149147146145144143142141140139138137136135134133132131130129128127126124123122121120119118117116115114113223116117118119120121122123124125126127128129130131132133134135136137138139140141142143144145146147148149150151152153154155156157158159160161
210209208207206205204203202201200199198197196195194193192191190189188187186185184183181180179178177176175174172171170169168167166165164163162161160159158157156155154153152151150148147146145144143142141140139138137136135134133132131130129128127125124123122121120119118117116115114225117118119120121122123124125126127128129130131132133134135136137138139140141142143144145146147148149150151152153154155156157158159160161162
211210209208207206205204203202201200199198197196195194193192191190189188187186185184182181180179178177176175173172171170169168167166165164163162161160159158157156155154153152151149148147146145144143142141140139138137136135134133132131130129128126125124123122121120119118117116115227118119120121122123124125126127128129130131132133134135136137138139140141142143144145146147148149150151152153154155156157158159160161162163
212211210209208207206205204203202201200199198197196195194193192191190189188187186185183182181180179178177176174173172171170169168167166165164163162161160159158157156155154153152150149148147146145144143142141140139138137136135134133132131130129127126125124123122121120119118117116229119120121122123124125126127128129130131132133134135136137138139140141142143144145146147148149150151152153154155156157158159160161162163164
213212211210209208207206205204203202201200199198197196195194193192191190189188187186184183182181180179178177175174173172171170169168167166165164163162161160159158157156155154153151150149148147146145144143142141140139138137136135134133132131130128127126125124123122121120119118117231120121122123124125126127128129130131132133134135136137138139140141142143144145146147148149150151152153154155156157158159160161162163164165
214213212211210209208207206205204203202201200199198197196195194193192191190189188187185184183182181180179178176175174173172171170169168167166165164163162161160159158157156155154152151150149148147146145144143142141140139138137136135134133132131129128127126125124123122121120119118233121122123124125126127128129130131132133134135136137138139140141142143144145146147148149150151152153154155156157158159160161162163164165166
215214213212211210209208207206205204203202201200199198197196195194193192191190189188186185184183182181180179177176175174173172171170169168167166165164163162161160159158157156155153152151150149148147146145144143142141140139138137136135134133132130129128127126125124123122121120119235122123124125126127128129130131132133134135136137138139140141142143144145146147148149150151152153154155156157158159160161162163164165166167
216215214213212211210209208207206205204203202201200199198197196195194193192191190189187186185184183182181180178177176175174173172171170169168167166165164163162161160159158157156154153152151150149148147146145144143142141140139138137136135134133131130129128127126125124123122121120237123124125126127128129130131132133134135136137138139140141142143144145146147148149150151152153154155156157158159160161162163164165166167168
217216215214213212211210209208207206205204203202201200199198197196195194193192191190188187186185184183182181179178177176175174173172171170169168167166165164163162161160159158157155154153152151150149148147146145144143142141140139138137136135134132131130129128127126125124123122121239124125126127128129130131132133134135136137138139140141142143144145146147148149150151152153154155156157158159160161162163164165166167168169
218217216215214213212211210209208207206205204203202201200199198197196195194193192191189188187186185184183182180179178177176175174173172171170169168167166165164163162161160159158156155154153152151150149148147146145144143142141140139138137136135133132131130129128127126125124123122241125126127128129130131132133134135136137138139140141142143144145146147148149150151152153154155156157158159160161162163164165166167168169170
219218217216215214213212211210209208207206205204203202201200199198197196195194193192190189188187186185184183181180179178177176175174173172171170169168167166165164163162161160159157156155154153152151150149148147146145144143142141140139138137136134133132131130129128127126125124123243126127128129130131132133134135136137138139140141142143144145146147148149150151152153154155156157158159160161162163164165166167168169170171
220219218217216215214213212211210209208207206205204203202201200199198197196195194193191190189188187186185184182181180179178177176175174173172171170169168167166165164163162161160158157156155154153152151150149148147146145144143142141140139138137135134133132131130129128127126125124245127128129130131132133134135136137138139140141142143144145146147148149150151152153154155156157158159160161162163164165166167168169170171172
221220219218217216215214213212211210209208207206205204203202201200199198197196195194192191190189188187186185183182181180179178177176175174173172171170169168167166165164163162161159158157156155154153152151150149148147146145144143142141140139138136135134133132131130129128127126125247128129130131132133134135136137138139140141142143144145146147148149150151152153154155156157158159160161162163164165166167168169170171172173
222221220219218217216215214213212211210209208207206205204203202201200199198197196195193192191190189188187186184183182181180179178177176175174173172171170169168167166165164163162160159158157156155154153152151150149148147146145144143142141140139137136135134133132131130129128127126249129130131132133134135136137138139140141142143144145146147148149150151152153154155156157158159160161162163164165166167168169170171172173174
223222221220219218217216215214213212211210209208207206205204203202201200199198197196194193192191190189188187185184183182181180179178177176175174173172171170169168167166165164163161160159158157156155154153152151150149148147146145144143142141140138137136135134133132131130129128127251130131132133134135136137138139140141142143144145146147148149150151152153154155156157158159160161162163164165166167168169170171172173174175
224223222221220219218217216215214213212211210209208207206205204203202201200199198197195194193192191190189188186185184183182181180179178177176175174173172171170169168167166165164162161160159158157156155154153152151150149148147146145144143142141139138137136135134133132131130129128253131132133134135136137138139140141142143144145146147148149150151152153154155156157158159160161162163164165166167168169170171172173174175176
225224223222221220219218217216215214213212211210209208207206205204203202201200199198196195194193192191190189187186185184183182181180179178177176175174173172171170169168167166165163162161160159158157156155154153152151150149148147146145144143142140139138137136135134133132131130129255132133134135136137138139140141142143144145146147148149150151152153154155156157158159160161162163164165166167168169170171172173174175176177
226225224223222221220219218217216215214213212211210209208207206205204203202201200199197196195194193192191190188187186185184183182181180179178177176175174173172171170169168167166164163162161160159158157156155154153152151150149148147146145144143141140139138137136135134133132131130257133134135136137138139140141142143144145146147148149150151152153154155156157158159160161162163164165166167168169170171172173174175176177178
227226225224223222221220219218217216215214213212211210209208207206205204203202201200198197196195194193192191189188187186185184183182181180179178177176175174173172171170169168167165164163162161160159158157156155154153152151150149148147146145144142141140139138137136135134133132131259134135136137138139140141142143144145146147148149150151152153154155156157158159160161162163164165166167168169170171172173174175176177178179
228227226225224223222221220219218217216215214213212211210209208207206205204203202201199198197196195194193192190189188187186185184183182181180179178177176175174173172171170169168166165164163162161160159158157156155154153152151150149148147146145143142141140139138137136135134133132261135136137138139140141142143144145146147148149150151152153154155156157158159160161162163164165166167168169170171172173174175176177178179180
229228227226225224223222221220219218217216215214213212211210209208207206205204203202200199198197196195194193191190189188187186185184183182181180179178177176175174173172171170169167166165164163162161160159158157156155154153152151150149148147146144143142141140139138137136135134133263136137138139140141142143144145146147148149150151152153154155156157158159160161162163164165166167168169170171172173174175176177178179180181
230229228227226225224223222221220219218217216215214213212211210209208207206205204203201200199198197196195194192191190189188187186185184183182181180179178177176175174173172171170168167166165164163162161160159158157156155154153152151150149148147145144143142141140139138137136135134265137138139140141142143144145146147148149150151152153154155156157158159160161162163164165166167168169170171172173174175176177178179180181182
231230229228227226225224223222221220219218217216215214213212211210209208207206205204202201200199198197196195193192191190189188187186185184183182181180179178177176175174173172171169168167166165164163162161160159158157156155154153152151150149148146145144143142141140139138137136135267138139140141142143144145146147148149150151152153154155156157158159160161162163164165166167168169170171172173174175176177178179180181182183
232231230229228227226225224223222221220219218217216215214213212211210209208207206205203202201200199198197196194193192191190189188187186185184183182181180179178177176175174173172170169168167166165164163162161160159158157156155154153152151150149147146145144143142141140139138137136269139140141142143144145146147148149150151152153154155156157158159160161162163164165166167168169170171172173174175176177178179180181182183184
233232231230229228227226225224223222221220219218217216215214213212211210209208207206204203202201200199198197195194193192191190189188187186185184183182181180179178177176175174173171170169168167166165164163162161160159158157156155154153152151150148147146145144143142141140139138137271140141142143144145146147148149150151152153154155156157158159160161162163164165166167168169170171172173174175176177178179180181182183184185
234233232231230229228227226225224223222221220219218217216215214213212211210209208207205204203202201200199198196195194193192191190189188187186185184183182181180179178177176175174172171170169168167166165164163162161160159158157156155154153152151149148147146145144143142141140139138273141142143144145146147148149150151152153154155156157158159160161162163164165166167168169170171172173174175176177178179180181182183184185186
235234233232231230229228227226225224223222221220219218217216215214213212211210209208206205204203202201200199197196195194193192191190189188187186185184183182181180179178177176175173172171170169168167166165164163162161160159158157156155154153152150149148147146145144143142141140139275142143144145146147148149150151152153154155156157158159160161162163164165166167168169170171172173174175176177178179180181182183184185186187
236235234233232231230229228227226225224223222221220219218217216215214213212211210209207206205204203202201200198197196195194193192191190189188187186185184183182181180179178177176174173172171170169168167166165164163162161160159158157156155154153151150149148147146145144143142141140277143144145146147148149150151152153154155156157158159160161162163164165166167168169170171172173174175176177178179180181182183184185186187188
237236235234233232231230229228227226225224223222221220219218217216215214213212211210208207206205204203202201199198197196195194193192191190189188187186185184183182181180179178177175174173172171170169168167166165164163162161160159158157156155154152151150149148147146145144143142141279144145146147148149150151152153154155156157158159160161162163164165166167168169170171172173174175176177178179180181182183184185186187188189
238237236235234233232231230229228227226225224223222221220219218217216215214213212211209208207206205204203202200199198197196195194193192191190189188187186185184183182181180179178176175174173172171170169168167166165164163162161160159158157156155153152151150149148147146145144143142281145146147148149150151152153154155156157158159160161162163164165166167168169170171172173174175176177178179180181182183184185186187188189190
239238237236235234233232231230229228227226225224223222221220219218217216215214213212210209208207206205204203201200199198197196195194193192191190189188187186185184183182181180179177176175174173172171170169168167166165164163162161160159158157156154153152151150149148147146145144143283146147148149150151152153154155156157158159160161162163164165166167168169170171172173174175176177178179180181182183184185186187188189190191
240239238237236235234233232231230229228227226225224223222221220219218217216215214213211210209208207206205204202201200199198197196195194193192191190189188187186185184183182181180178177176175174173172171170169168167166165164163162161160159158157155154153152151150149148147146145144285147148149150151152153154155156157158159160161162163164165166167168169170171172173174175176177178179180181182183184185186187188189190191192
