11811711611511411311211111010910810710610510410310210110099989796959493929189888786858483828079787776757473727170696867666564636261605958565554535251504948474645444342414039383736353332313029282726252423222119181716151413121110987654323456789101112131415161718192021222324252627282930
11711611511411311211111010910810710610510410310210110099989796959493929190888786858483828179787776757473727170696867666564636261605958575554535251504948474645444342414039383736353432313029282726252423222120181716151413121110987654321234567891011121314151617181920212223242526272829
11611511411311211111010910810710610510410310210110099989796959493929190898786858483828180787776757473727170696867666564636261605958575654535251504948474645444342414039383736353433313029282726252423222120191716151413121110987654321012345678910111213141516171819202122232425262728
11711611511411311211111010910810710610510410310210110099989796959493929190888786858483828179787776757473727170696867666564636261605958575554535251504948474645444342414039383736353432313029282726252423222120181716151413121110987654321234567891011121314151617181920212223242526272829
11811711611511411311211111010910810710610510410310210110099989796959493929189888786858483828079787776757473727170696867666564636261605958565554535251504948474645444342414039383736353332313029282726252423222119181716151413121110987654323456789101112131415161718192021222324252627282930
11911811711611511411311211111010910810710610510410310210110099989796959493929089888786858483818079787776757473727170696867666564636261605957565554535251504948474645444342414039383736343332313029282726252423222019181716151413121110987654345678910111213141516171819202122232425262728293031
12011911811711611511411311211111010910810710610510410310210110099989796959493919089888786858482818079787776757473727170696867666564636261605857565554535251504948474645444342414039383735343332313029282726252423212019181716151413121110987654567891011121314151617181920212223242526272829303132
12112011911811711611511411311211111010910810710610510410310210110099989796959492919089888786858382818079787776757473727170696867666564636261595857565554535251504948474645444342414039383635343332313029282726252422212019181716151413121110987656789101112131415161718192021222324252627282930313233
12212112011911811711611511411311211111010910810710610510410310210110099989796959392919089888786848382818079787776757473727170696867666564636260595857565554535251504948474645444342414039373635343332313029282726252322212019181716151413121110987678910111213141516171819202122232425262728293031323334
12312212112011911811711611511411311211111010910810710610510410310210110099989796949392919089888785848382818079787776757473727170696867666564636160595857565554535251504948474645444342414038373635343332313029282726242322212019181716151413121110987891011121314151617181920212223242526272829303132333435
12412312212112011911811711611511411311211111010910810710610510410310210110099989795949392919089888685848382818079787776757473727170696867666564626160595857565554535251504948474645444342413938373635343332313029282725242322212019181716151413121110989101112131415161718192021222324252627282930313233343536
12512412312212112011911811711611511411311211111010910810710610510410310210110099989695949392919089878685848382818079787776757473727170696867666563626160595857565554535251504948474645444342403938373635343332313029282625242322212019181716151413121110910111213141516171819202122232425262728293031323334353637
1261251241231221211201191181171161151141131121111101091081071061051041031021011009997969594939291908887868584838281807978777675747372717069686766646362616059585756555453525150494847464544434140393837363534333231302927262524232221201918171615141312111011121314151617181920212223242526272829303132333435363738
12712612512412312212112011911811711611511411311211111010910810710610510410310210110098979695949392918988878685848382818079787776757473727170696867656463626160595857565554535251504948474645444241403938373635343332313028272625242322212019181716151413121112131415161718192021222324252627282930313233343536373839
12812712612512412312212112011911811711611511411311211111010910810710610510410310210199989796959493929089888786858483828180797877767574737271706968666564636261605958575655545352515049484746454342414039383736353433323129282726252423222120191817161514131213141516171819202122232425262728293031323334353637383940
129128127126125124123122121120119118117116115114113112111110109108107106105104103102100999897969594939190898887868584838281807978777675747372717069676665646362616059585756555453525150494847464443424140393837363534333230292827262524232221201918171615141314151617181920212223242526272829303132333435363738394041
1301291281271261251241231221211201191181171161151141131121111101091081071061051041031011009998979695949291908988878685848382818079787776757473727170686766656463626160595857565554535251504948474544434241403938373635343331302928272625242322212019181716151415161718192021222324252627282930313233343536373839404142
13113012912812712612512412312212112011911811711611511411311211111010910810710610510410210110099989796959392919089888786858483828180797877767574737271696867666564636261605958575655545352515049484645444342414039383736353432313029282726252423222120191817161516171819202122232425262728293031323334353637383940414243
132131130129128127126125124123122121120119118117116115114113112111110109108107106105103102101100999897969493929190898887868584838281807978777675747372706968676665646362616059585756555453525150494746454443424140393837363533323130292827262524232221201918171617181920212223242526272829303132333435363738394041424344
1331321311301291281271261251241231221211201191181171161151141131121111101091081071061041031021011009998979594939291908988878685848382818079787776757473717069686766656463626160595857565554535251504847464544434241403938373634333231302928272625242322212019181718192021222324252627282930313233343536373839404142434445
13413313213113012912812712612512412312212112011911811711611511411311211111010910810710510410310210110099989695949392919089888786858483828180797877767574727170696867666564636261605958575655545352514948474645444342414039383735343332313029282726252423222120191819202122232425262728293031323334353637383940414243444546
135134133132131130129128127126125124123122121120119118117116115114113112111110109108106105104103102101100999796959493929190898887868584838281807978777675737271706968676665646362616059585756555453525049484746454443424140393836353433323130292827262524232221201920212223242526272829303132333435363738394041424344454647
1361351341331321311301291281271261251241231221211201191181171161151141131121111101091071061051041031021011009897969594939291908988878685848382818079787776747372717069686766656463626160595857565554535150494847464544434241403937363534333231302928272625242322212021222324252627282930313233343536373839404142434445464748
1371361351341331321311301291281271261251241231221211201191181171161151141131121111101081071061051041031021019998979695949392919089888786858483828180797877757473727170696867666564636261605958575655545251504948474645444342414038373635343332313029282726252423222122232425262728293031323334353637383940414243444546474849
13813713613513413313213113012912812712612512412312212112011911811711611511411311211110910810710610510410310210099989796959493929190898887868584838281807978767574737271706968676665646362616059585756555352515049484746454443424139383736353433323130292827262524232223242526272829303132333435363738394041424344454647484950
139138137136135134133132131130129128127126125124123122121120119118117116115114113112110109108107106105104103101100999897969594939291908988878685848382818079777675747372717069686766656463626160595857565453525150494847464544434240393837363534333231302928272625242324252627282930313233343536373839404142434445464748495051
1401391381371361351341331321311301291281271261251241231221211201191181171161151141131111101091081071061051041021011009998979695949392919089888786858483828180787776757473727170696867666564636261605958575554535251504948474645444341403938373635343332313029282726252425262728293031323334353637383940414243444546474849505152
14114013913813713613513413313213113012912812712612512412312212112011911811711611511411211111010910810710610510310210110099989796959493929190898887868584838281797877767574737271706968676665646362616059585655545352515049484746454442414039383736353433323130292827262526272829303132333435363738394041424344454647484950515253
142141140139138137136135134133132131130129128127126125124123122121120119118117116115113112111110109108107106104103102101100999897969594939291908988878685848382807978777675747372717069686766656463626160595756555453525150494847464543424140393837363534333231302928272627282930313233343536373839404142434445464748495051525354
1431421411401391381371361351341331321311301291281271261251241231221211201191181171161141131121111101091081071051041031021011009998979695949392919089888786858483818079787776757473727170696867666564636261605857565554535251504948474644434241403938373635343332313029282728293031323334353637383940414243444546474849505152535455
14414314214114013913813713613513413313213113012912812712612512412312212112011911811711511411311211111010910810610510410310210110099989796959493929190898887868584828180797877767574737271706968676665646362615958575655545352515049484745444342414039383736353433323130292829303132333435363738394041424344454647484950515253545556
145144143142141140139138137136135134133132131130129128127126125124123122121120119118116115114113112111110109107106105104103102101100999897969594939291908988878685838281807978777675747372717069686766656463626059585756555453525150494846454443424140393837363534333231302930313233343536373839404142434445464748495051525354555657
1461451441431421411401391381371361351341331321311301291281271261251241231221211201191171161151141131121111101081071061051041031021011009998979695949392919089888786848382818079787776757473727170696867666564636160595857565554535251504947464544434241403938373635343332313031323334353637383940414243444546474849505152535455565758
14714614514414314214114013913813713613513413313213113012912812712612512412312212112011811711611511411311211110910810710610510410310210110099989796959493929190898887858483828180797877767574737271706968676665646261605958575655545352515048474645444342414039383736353433323132333435363738394041424344454647484950515253545556575859
26025825625425225024824624424224023823623423223022822622422222021821621421221020820620320119919719519319118918618418218017817617417217016816616416216015815615415215014814614414213913713513313112912712512312111911711511311110910710510310199979492908886848280787674727067656361595755535149474543413937353334353637383940414243444546474849505152535455565758596061
15014914814714614514414314214114013913813713613513413313213113012912812712612512412312112011911811711611511411211111010910810710610510410310210110099989796959493929190888786858483828180797877767574737271706968676564636261605958575655545351504948474645444342414039383736353435363738394041424344454647484950515253545556575859606162
151150149148147146145144143142141140139138137136135134133132131130129128127126125124122121120119118117116115113112111110109108107106105104103102101100999897969594939291898887868584838281807978777675747372717069686665646362616059585756555452515049484746454443424140393837363536373839404142434445464748495051525354555657585960616263
2642622602582562542522502482462442422402382362342322302282262242222202182162142122102072052032011991971951931901881861841821801781761741721701681661641621601581561541521501481461431411391371351331311291271251231211191171151131111091071051031019896949290888684828078767471696765636159575553514947454341393738394041424344454647484950515253545556575859606162636465
154153152151150149148147146145144143142141140139138137136135134133132131130129128127125124123122121120119118116115114113112111110109108107106105104103102101100999897969594929190898887868584838281807978777675747372716968676665646362616059585755545352515049484746454443424140393839404142434445464748495051525354555657585960616263646566
1551541531521511501491481471461451441431421411401391381371361351341331321311301291281261251241231221211201191171161151141131121111101091081071061051041031021011009998979695939291908988878685848382818079787776757473727069686766656463626160595856555453525150494847464544434241403940414243444546474849505152535455565758596061626364656667
15615515415315215115014914814714614514414314214114013913813713613513413313213113012912712612512412312212112011811711611511411311211111010910810710610510410310210110099989796949392919089888786858483828180797877767574737170696867666564636261605957565554535251504948474645444342414041424344454647484950515253545556575859606162636465666768
157156155154153152151150149148147146145144143142141140139138137136135134133132131130128127126125124123122121119118117116115114113112111110109108107106105104103102101100999897959493929190898887868584838281807978777675747271706968676665646362616058575655545352515049484746454443424142434445464748495051525354555657585960616263646566676869
1581571561551541531521511501491481471461451441431421411401391381371361351341331321311291281271261251241231221201191181171161151141131121111101091081071061051041031021011009998969594939291908988878685848382818079787776757372717069686766656463626159585756555453525150494847464544434243444546474849505152535455565758596061626364656667686970
15915815715615515415315215115014914814714614514414314214114013913813713613513413313213012912812712612512412312112011911811711611511411311211111010910810710610510410310210110099979695949392919089888786858483828180797877767473727170696867666564636260595857565554535251504948474645444344454647484950515253545556575859606162636465666768697071
160159158157156155154153152151150149148147146145144143142141140139138137136135134133131130129128127126125124122121120119118117116115114113112111110109108107106105104103102101100989796959493929190898887868584838281807978777574737271706968676665646361605958575655545352515049484746454445464748495051525354555657585960616263646566676869707172
161160159158157156155154153152151150149148147146145144143142141140139138137136135134132131130129128127126125123122121120119118117116115114113112111110109108107106105104103102101999897969594939291908988878685848382818079787675747372717069686766656462616059585756555453525150494847464546474849505152535455565758596061626364656667686970717273
1621611601591581571561551541531521511501491481471461451441431421411401391381371361351331321311301291281271261241231221211201191181171161151141131121111101091081071061051041031021009998979695949392919089888786858483828180797776757473727170696867666563626160595857565554535251504948474647484950515253545556575859606162636465666768697071727374
16316216116015915815715615515415315215115014914814714614514414314214114013913813713613413313213113012912812712512412312212112011911811711611511411311211111010910810710610510410310110099989796959493929190898887868584838281807877767574737271706968676664636261605958575655545352515049484748495051525354555657585960616263646566676869707172737475
164163162161160159158157156155154153152151150149148147146145144143142141140139138137135134133132131130129128126125124123122121120119118117116115114113112111110109108107106105104102101100999897969594939291908988878685848382817978777675747372717069686765646362616059585756555453525150494849505152535455565758596061626364656667686970717273747576
1651641631621611601591581571561551541531521511501491481471461451441431421411401391381361351341331321311301291271261251241231221211201191181171161151141131121111101091081071061051031021011009998979695949392919089888786858483828079787776757473727170696866656463626160595857565554535251504950515253545556575859606162636465666768697071727374757677
16616516416316216116015915815715615515415315215115014914814714614514414314214114013913713613513413313213113012812712612512412312212112011911811711611511411311211111010910810710610410310210110099989796959493929190898887868584838180797877767574737271706967666564636261605958575655545352515051525354555657585960616263646566676869707172737475767778
167166165164163162161160159158157156155154153152151150149148147146145144143142141140138137136135134133132131129128127126125124123122121120119118117116115114113112111110109108107105104103102101100999897969594939291908988878685848281807978777675747372717068676665646362616059585756555453525152535455565758596061626364656667686970717273747576777879
1681671661651641631621611601591581571561551541531521511501491481471461451441431421411391381371361351341331321301291281271261251241231221211201191181171161151141131121111101091081061051041031021011009998979695949392919089888786858382818079787776757473727169686766656463626160595857565554535253545556575859606162636465666768697071727374757677787980
16916816716616516416316216116015915815715615515415315215115014914814714614514414314214013913813713613513413313113012912812712612512412312212112011911811711611511411311211111010910710610510410310210110099989796959493929190898887868483828180797877767574737270696867666564636261605958575655545354555657585960616263646566676869707172737475767778798081
170169168167166165164163162161160159158157156155154153152151150149148147146145144143141140139138137136135134132131130129128127126125124123122121120119118117116115114113112111110108107106105104103102101100999897969594939291908988878584838281807978777675747371706968676665646362616059585756555455565758596061626364656667686970717273747576777879808182
2832812792772752732712692672652632612592572552532512492472452432412392372352332312292262242222202182162142122092072052032011991971951931911891871851831811791771751731711691671651621601581561541521501481461441421401381361341321301281261241221201171151131111091071051031019997959390888684828078767472706866646260585657585960616263646566676869707172737475767778798081828384
173172171170169168167166165164163162161160159158157156155154153152151150149148147146144143142141140139138137135134133132131130129128127126125124123122121120119118117116115114113111110109108107106105104103102101100999897969594939291908887868584838281807978777674737271706968676665646362616059585758596061626364656667686970717273747576777879808182838485
1741731721711701691681671661651641631621611601591581571561551541531521511501491481471451441431421411401391381361351341331321311301291281271261251241231221211201191181171161151141121111101091081071061051041031021011009998979695949392918988878685848382818079787775747372717069686766656463626160595859606162636465666768697071727374757677787980818283848586
17517417317217117016916816716616516416316216116015915815715615515415315215115014914814614514414314214114013913713613513413313213113012912812712612512412312212112011911811711611511311211111010910810710610510410310210110099989796959493929089888786858483828180797876757473727170696867666564636261605960616263646566676869707172737475767778798081828384858687
176175174173172171170169168167166165164163162161160159158157156155154153152151150149147146145144143142141140138137136135134133132131130129128127126125124123122121120119118117116114113112111110109108107106105104103102101100999897969594939190898887868584838281807977767574737271706968676665646362616061626364656667686970717273747576777879808182838485868788
2892872852832812792772752732712692672652632612592572552532512492472452432412392372352322302282262242222202182152132112092072052032011991971951931911891871851831811791771751731711681661641621601581561541521501481461441421401381361341321301281261231211191171151131111091071051031019996949290888684828078767472706866646263646566676869707172737475767778798081828384858687888990
179178177176175174173172171170169168167166165164163162161160159158157156155154153152150149148147146145144143141140139138137136135134133132131130129128127126125124123122121120119117116115114113112111110109108107106105104103102101100999897969493929190898887868584838280797877767574737271706968676665646364656667686970717273747576777879808182838485868788899091
1801791781771761751741731721711701691681671661651641631621611601591581571561551541531511501491481471461451441421411401391381371361351341331321311301291281271261251241231221211201181171161151141131121111101091081071061051041031021011009998979594939291908988878685848381807978777675747372717069686766656465666768697071727374757677787980818283848586878889909192
18118017917817717617517417317217117016916816716616516416316216116015915815715615515415215115014914814714614514314214114013913813713613513413313213113012912812712612512412312212111911811711611511411311211111010910810710610510410310210110099989695949392919089888786858482818079787776757473727170696867666566676869707172737475767778798081828384858687888990919293
182181180179178177176175174173172171170169168167166165164163162161160159158157156155153152151150149148147146144143142141140139138137136135134133132131130129128127126125124123122120119118117116115114113112111110109108107106105104103102101100999796959493929190898887868583828180797877767574737271706968676667686970717273747576777879808182838485868788899091929394
1831821811801791781771761751741731721711701691681671661651641631621611601591581571561541531521511501491481471451441431421411401391381371361351341331321311301291281271261251241231211201191181171161151141131121111101091081071061051041031021011009897969594939291908988878684838281807978777675747372717069686768697071727374757677787980818283848586878889909192939495
1841831821811801791781771761751741731721711701691681671661651641631621611601591581571551541531521511501491481461451441431421411401391381371361351341331321311301291281271261251241221211201191181171161151141131121111101091081071061051041031021019998979695949392919089888785848382818079787776757473727170696869707172737475767778798081828384858687888990919293949596
18518418318218118017917817717617517417317217117016916816716616516416316216116015915815615515415315215115014914714614514414314214114013913813713613513413313213113012912812712612512312212112011911811711611511411311211111010910810710610510410310210099989796959493929190898886858483828180797877767574737271706970717273747576777879808182838485868788899091929394959697
186185184183182181180179178177176175174173172171170169168167166165164163162161160159157156155154153152151150148147146145144143142141140139138137136135134133132131130129128127126124123122121120119118117116115114113112111110109108107106105104103101100999897969594939291908987868584838281807978777675747372717071727374757677787980818283848586878889909192939495969798
1871861851841831821811801791781771761751741731721711701691681671661651641631621611601581571561551541531521511491481471461451441431421411401391381371361351341331321311301291281271251241231221211201191181171161151141131121111101091081071061051041021011009998979695949392919088878685848382818079787776757473727172737475767778798081828384858687888990919293949596979899
188187186185184183182181180179178177176175174173172171170169168167166165164163162161159158157156155154153152150149148147146145144143142141140139138137136135134133132131130129128126125124123122121120119118117116115114113112111110109108107106105103102101100999897969594939291898887868584838281807978777675747372737475767778798081828384858687888990919293949596979899100
18918818718618518418318218118017917817717617517417317217117016916816716616516416316216015915815715615515415315115014914814714614514414314214114013913813713613513413313213113012912712612512412312212112011911811711611511411311211111010910810710610410310210110099989796959493929089888786858483828180797877767574737475767778798081828384858687888990919293949596979899100101
1901891881871861851841831821811801791781771761751741731721711701691681671661651641631611601591581571561551541521511501491481471461451441431421411401391381371361351341331321311301281271261251241231221211201191181171161151141131121111101091081071051041031021011009998979695949391908988878685848382818079787776757475767778798081828384858687888990919293949596979899100101102
191190189188187186185184183182181180179178177176175174173172171170169168167166165164162161160159158157156155153152151150149148147146145144143142141140139138137136135134133132131129128127126125124123122121120119118117116115114113112111110109108106105104103102101100999897969594929190898887868584838281807978777675767778798081828384858687888990919293949596979899100101102103
19219119018918818718618518418318218118017917817717617517417317217117016916816716616516316216116015915815715615415315215115014914814714614514414314214114013913813713613513413313213012912812712612512412312212112011911811711611511411311211111010910710610510410310210110099989796959392919089888786858483828180797877767778798081828384858687888990919293949596979899100101102103104
1931921911901891881871861851841831821811801791781771761751741731721711701691681671661641631621611601591581571551541531521511501491481471461451441431421411401391381371361351341331311301291281271261251241231221211201191181171161151141131121111101081071061051041031021011009998979694939291908988878685848382818079787778798081828384858687888990919293949596979899100101102103104105
194193192191190189188187186185184183182181180179178177176175174173172171170169168167165164163162161160159158156155154153152151150149148147146145144143142141140139138137136135134132131130129128127126125124123122121120119118117116115114113112111109108107106105104103102101100999897959493929190898887868584838281807978798081828384858687888990919293949596979899100101102103104105106
19519419319219119018918818718618518418318218118017917817717617517417317217117016916816616516416316216116015915715615515415315215115014914814714614514414314214114013913813713613513313213113012912812712612512412312212112011911811711611511411311211010910810710610510410310210110099989695949392919089888786858483828180798081828384858687888990919293949596979899100101102103104105106107
1961951941931921911901891881871861851841831821811801791781771761751741731721711701691671661651641631621611601581571561551541531521511501491481471461451441431421411401391381371361341331321311301291281271261251241231221211201191181171161151141131111101091081071061051041031021011009997969594939291908988878685848382818081828384858687888990919293949596979899100101102103104105106107108
197196195194193192191190189188187186185184183182181180179178177176175174173172171170168167166165164163162161159158157156155154153152151150149148147146145144143142141140139138137135134133132131130129128127126125124123122121120119118117116115114112111110109108107106105104103102101100989796959493929190898887868584838281828384858687888990919293949596979899100101102103104105106107108109
1981971961951941931921911901891881871861851841831821811801791781771761751741731721711691681671661651641631621601591581571561551541531521511501491481471461451441431421411401391381361351341331321311301291281271261251241231221211201191181171161151131121111101091081071061051041031021019998979695949392919089888786858483828384858687888990919293949596979899100101102103104105106107108109110
199198197196195194193192191190189188187186185184183182181180179178177176175174173172170169168167166165164163161160159158157156155154153152151150149148147146145144143142141140139137136135134133132131130129128127126125124123122121120119118117116114113112111110109108107106105104103102100999897969594939291908988878685848384858687888990919293949596979899100101102103104105106107108109110111
31231030830630430230029829629429229028828628428228027827627427227026826626426226025825525325124924724524324123823623423223022822622422222021821621421221020820620420220019819619419118918718518318117917717517317116916716516316115915715515315114914614414214013813613413213012812612412211911711511311110910710510310199979593918987858687888990919293949596979899100101102103104105106107108109110111112113
202201200199198197196195194193192191190189188187186185184183182181180179178177176175173172171170169168167166164163162161160159158157156155154153152151150149148147146145144143142140139138137136135134133132131130129128127126125124123122121120119117116115114113112111110109108107106105103102101100999897969594939291908988878687888990919293949596979899100101102103104105106107108109110111112113114
20320220120019919819719619519419319219119018918818718618518418318218118017917817717617417317217117016916816716516416316216116015915815715615515415315215115014914814714614514414314114013913813713613513413313213113012912812712612512412312212112011811711611511411311211111010910810710610410310210110099989796959493929190898887888990919293949596979899100101102103104105106107108109110111112113114115
2042032022012001991981971961951941931921911901891881871861851841831821811801791781771751741731721711701691681661651641631621611601591581571561551541531521511501491481471461451441421411401391381371361351341331321311301291281271261251241231221211191181171161151141131121111101091081071051041031021011009998979695949392919089888990919293949596979899100101102103104105106107108109110111112113114115116
205204203202201200199198197196195194193192191190189188187186185184183182181180179178176175174173172171170169167166165164163162161160159158157156155154153152151150149148147146145143142141140139138137136135134133132131130129128127126125124123122120119118117116115114113112111110109108106105104103102101100999897969594939291908990919293949596979899100101102103104105106107108109110111112113114115116117
20620520420320220120019919819719619519419319219119018918818718618518418318218118017917717617517417317217117016816716616516416316216116015915815715615515415315215115014914814714614414314214114013913813713613513413313213113012912812712612512412312112011911811711611511411311211111010910710610510410310210110099989796959493929190919293949596979899100101102103104105106107108109110111112113114115116117118
2072062052042032022012001991981971961951941931921911901891881871861851841831821811801781771761751741731721711691681671661651641631621611601591581571561551541531521511501491481471451441431421411401391381371361351341331321311301291281271261251241221211201191181171161151141131121111101081071061051041031021011009998979695949392919293949596979899100101102103104105106107108109110111112113114115116117118119
208207206205204203202201200199198197196195194193192191190189188187186185184183182181179178177176175174173172170169168167166165164163162161160159158157156155154153152151150149148146145144143142141140139138137136135134133132131130129128127126125123122121120119118117116115114113112111109108107106105104103102101100999897969594939293949596979899100101102103104105106107108109110111112113114115116117118119120
20920820720620520420320220120019919819719619519419319219119018918818718618518418318218017917817717617517417317117016916816716616516416316216116015915815715615515415315215115014914714614514414314214114013913813713613513413313213113012912812712612412312212112011911811711611511411311211010910810710610510410310210110099989796959493949596979899100101102103104105106107108109110111112113114115116117118119120121
2102092082072062052042032022012001991981971961951941931921911901891881871861851841831811801791781771761751741721711701691681671661651641631621611601591581571561551541531521511501481471461451441431421411401391381371361351341331321311301291281271251241231221211201191181171161151141131111101091081071061051041031021011009998979695949596979899100101102103104105106107108109110111112113114115116117118119120121122
211210209208207206205204203202201200199198197196195194193192191190189188187186185184182181180179178177176175173172171170169168167166165164163162161160159158157156155154153152151149148147146145144143142141140139138137136135134133132131130129128126125124123122121120119118117116115114112111110109108107106105104103102101100999897969596979899100101102103104105106107108109110111112113114115116117118119120121122123
21221121020920820720620520420320220120019919819719619519419319219119018918818718618518318218118017917817717617417317217117016916816716616516416316216116015915815715615515415315215014914814714614514414314214114013913813713613513413313213113012912712612512412312212112011911811711611511311211111010910810710610510410310210110099989796979899100101102103104105106107108109110111112113114115116117118119120121122123124
2132122112102092082072062052042032022012001991981971961951941931921911901891881871861841831821811801791781771751741731721711701691681671661651641631621611601591581571561551541531511501491481471461451441431421411401391381371361351341331321311301281271261251241231221211201191181171161141131121111101091081071061051041031021011009998979899100101102103104105106107108109110111112113114115116117118119120121122123124125
214213212211210209208207206205204203202201200199198197196195194193192191190189188187185184183182181180179178176175174173172171170169168167166165164163162161160159158157156155154152151150149148147146145144143142141140139138137136135134133132131129128127126125124123122121120119118117115114113112111110109108107106105104103102101100999899100101102103104105106107108109110111112113114115116117118119120121122123124125126
21521421321221121020920820720620520420320220120019919819719619519419319219119018918818618518418318218118017917717617517417317217117016916816716616516416316216116015915815715615515315215115014914814714614514414314214114013913813713613513413313213012912812712612512412312212112011911811611511411311211111010910810710610510410310210110099100101102103104105106107108109110111112113114115116117118119120121122123124125126127
216215214213212211210209208207206205204203202201200199198197196195194193192191190189187186185184183182181180178177176175174173172171170169168167166165164163162161160159158157156154153152151150149148147146145144143142141140139138137136135134133131130129128127126125124123122121120119117116115114113112111110109108107106105104103102101100101102103104105106107108109110111112113114115116117118119120121122123124125126127128
217216215214213212211210209208207206205204203202201200199198197196195194193192191190188187186185184183182181179178177176175174173172171170169168167166165164163162161160159158157155154153152151150149148147146145144143142141140139138137136135134132131130129128127126125124123122121120118117116115114113112111110109108107106105104103102101102103104105106107108109110111112113114115116117118119120121122123124125126127128129
218217216215214213212211210209208207206205204203202201200199198197196195194193192191189188187186185184183182180179178177176175174173172171170169168167166165164163162161160159158156155154153152151150149148147146145144143142141140139138137136135133132131130129128127126125124123122121119118117116115114113112111110109108107106105104103102103104105106107108109110111112113114115116117118119120121122123124125126127128129130
219218217216215214213212211210209208207206205204203202201200199198197196195194193192190189188187186185184183181180179178177176175174173172171170169168167166165164163162161160159157156155154153152151150149148147146145144143142141140139138137136134133132131130129128127126125124123122120119118117116115114113112111110109108107106105104103104105106107108109110111112113114115116117118119120121122123124125126127128129130131
220219218217216215214213212211210209208207206205204203202201200199198197196195194193191190189188187186185184182181180179178177176175174173172171170169168167166165164163162161160158157156155154153152151150149148147146145144143142141140139138137135134133132131130129128127126125124123121120119118117116115114113112111110109108107106105104105106107108109110111112113114115116117118119120121122123124125126127128129130131132
221220219218217216215214213212211210209208207206205204203202201200199198197196195194192191190189188187186185183182181180179178177176175174173172171170169168167166165164163162161159158157156155154153152151150149148147146145144143142141140139138136135134133132131130129128127126125124122121120119118117116115114113112111110109108107106105106107108109110111112113114115116117118119120121122123124125126127128129130131132133
222221220219218217216215214213212211210209208207206205204203202201200199198197196195193192191190189188187186184183182181180179178177176175174173172171170169168167166165164163162160159158157156155154153152151150149148147146145144143142141140139137136135134133132131130129128127126125123122121120119118117116115114113112111110109108107106107108109110111112113114115116117118119120121122123124125126127128129130131132133134
223222221220219218217216215214213212211210209208207206205204203202201200199198197196194193192191190189188187185184183182181180179178177176175174173172171170169168167166165164163161160159158157156155154153152151150149148147146145144143142141140138137136135134133132131130129128127126124123122121120119118117116115114113112111110109108107108109110111112113114115116117118119120121122123124125126127128129130131132133134135
224223222221220219218217216215214213212211210209208207206205204203202201200199198197195194193192191190189188186185184183182181180179178177176175174173172171170169168167166165164162161160159158157156155154153152151150149148147146145144143142141139138137136135134133132131130129128127125124123122121120119118117116115114113112111110109108109110111112113114115116117118119120121122123124125126127128129130131132133134135136
225224223222221220219218217216215214213212211210209208207206205204203202201200199198196195194193192191190189187186185184183182181180179178177176175174173172171170169168167166165163162161160159158157156155154153152151150149148147146145144143142140139138137136135134133132131130129128126125124123122121120119118117116115114113112111110109110111112113114115116117118119120121122123124125126127128129130131132133134135136137
226225224223222221220219218217216215214213212211210209208207206205204203202201200199197196195194193192191190188187186185184183182181180179178177176175174173172171170169168167166164163162161160159158157156155154153152151150149148147146145144143141140139138137136135134133132131130129127126125124123122121120119118117116115114113112111110111112113114115116117118119120121122123124125126127128129130131132133134135136137138
227226225224223222221220219218217216215214213212211210209208207206205204203202201200198197196195194193192191189188187186185184183182181180179178177176175174173172171170169168167165164163162161160159158157156155154153152151150149148147146145144142141140139138137136135134133132131130128127126125124123122121120119118117116115114113112111112113114115116117118119120121122123124125126127128129130131132133134135136137138139
228227226225224223222221220219218217216215214213212211210209208207206205204203202201199198197196195194193192190189188187186185184183182181180179178177176175174173172171170169168166165164163162161160159158157156155154153152151150149148147146145143142141140139138137136135134133132131129128127126125124123122121120119118117116115114113112113114115116117118119120121122123124125126127128129130131132133134135136137138139140
229228227226225224223222221220219218217216215214213212211210209208207206205204203202200199198197196195194193191190189188187186185184183182181180179178177176175174173172171170169167166165164163162161160159158157156155154153152151150149148147146144143142141140139138137136135134133132130129128127126125124123122121120119118117116115114113114115116117118119120121122123124125126127128129130131132133134135136137138139140141
230229228227226225224223222221220219218217216215214213212211210209208207206205204203201200199198197196195194192191190189188187186185184183182181180179178177176175174173172171170168167166165164163162161160159158157156155154153152151150149148147145144143142141140139138137136135134133131130129128127126125124123122121120119118117116115114115116117118119120121122123124125126127128129130131132133134135136137138139140141142
231230229228227226225224223222221220219218217216215214213212211210209208207206205204202201200199198197196195193192191190189188187186185184183182181180179178177176175174173172171169168167166165164163162161160159158157156155154153152151150149148146145144143142141140139138137136135134132131130129128127126125124123122121120119118117116115116117118119120121122123124125126127128129130131132133134135136137138139140141142143
232231230229228227226225224223222221220219218217216215214213212211210209208207206205203202201200199198197196194193192191190189188187186185184183182181180179178177176175174173172170169168167166165164163162161160159158157156155154153152151150149147146145144143142141140139138137136135133132131130129128127126125124123122121120119118117116117118119120121122123124125126127128129130131132133134135136137138139140141142143144
233232231230229228227226225224223222221220219218217216215214213212211210209208207206204203202201200199198197195194193192191190189188187186185184183182181180179178177176175174173171170169168167166165164163162161160159158157156155154153152151150148147146145144143142141140139138137136134133132131130129128127126125124123122121120119118117118119120121122123124125126127128129130131132133134135136137138139140141142143144145
234233232231230229228227226225224223222221220219218217216215214213212211210209208207205204203202201200199198196195194193192191190189188187186185184183182181180179178177176175174172171170169168167166165164163162161160159158157156155154153152151149148147146145144143142141140139138137135134133132131130129128127126125124123122121120119118119120121122123124125126127128129130131132133134135136137138139140141142143144145146
235234233232231230229228227226225224223222221220219218217216215214213212211210209208206205204203202201200199197196195194193192191190189188187186185184183182181180179178177176175173172171170169168167166165164163162161160159158157156155154153152150149148147146145144143142141140139138136135134133132131130129128127126125124123122121120119120121122123124125126127128129130131132133134135136137138139140141142143144145146147
236235234233232231230229228227226225224223222221220219218217216215214213212211210209207206205204203202201200198197196195194193192191190189188187186185184183182181180179178177176174173172171170169168167166165164163162161160159158157156155154153151150149148147146145144143142141140139137136135134133132131130129128127126125124123122121120121122123124125126127128129130131132133134135136137138139140141142143144145146147148
237236235234233232231230229228227226225224223222221220219218217216215214213212211210208207206205204203202201199198197196195194193192191190189188187186185184183182181180179178177175174173172171170169168167166165164163162161160159158157156155154152151150149148147146145144143142141140138137136135134133132131130129128127126125124123122121122123124125126127128129130131132133134135136137138139140141142143144145146147148149
238237236235234233232231230229228227226225224223222221220219218217216215214213212211209208207206205204203202200199198197196195194193192191190189188187186185184183182181180179178176175174173172171170169168167166165164163162161160159158157156155153152151150149148147146145144143142141139138137136135134133132131130129128127126125124123122123124125126127128129130131132133134135136137138139140141142143144145146147148149150
239238237236235234233232231230229228227226225224223222221220219218217216215214213212210209208207206205204203201200199198197196195194193192191190189188187186185184183182181180179177176175174173172171170169168167166165164163162161160159158157156154153152151150149148147146145144143142140139138137136135134133132131130129128127126125124123124125126127128129130131132133134135136137138139140141142143144145146147148149150151
240239238237236235234233232231230229228227226225224223222221220219218217216215214213211210209208207206205204202201200199198197196195194193192191190189188187186185184183182181180178177176175174173172171170169168167166165164163162161160159158157155154153152151150149148147146145144143141140139138137136135134133132131130129128127126125124125126127128129130131132133134135136137138139140141142143144145146147148149150151152
241240239238237236235234233232231230229228227226225224223222221220219218217216215214212211210209208207206205203202201200199198197196195194193192191190189188187186185184183182181179178177176175174173172171170169168167166165164163162161160159158156155154153152151150149148147146145144142141140139138137136135134133132131130129128127126125126127128129130131132133134135136137138139140141142143144145146147148149150151152153
242241240239238237236235234233232231230229228227226225224223222221220219218217216215213212211210209208207206204203202201200199198197196195194193192191190189188187186185184183182180179178177176175174173172171170169168167166165164163162161160159157156155154153152151150149148147146145143142141140139138137136135134133132131130129128127126127128129130131132133134135136137138139140141142143144145146147148149150151152153154
243242241240239238237236235234233232231230229228227226225224223222221220219218217216214213212211210209208207205204203202201200199198197196195194193192191190189188187186185184183181180179178177176175174173172171170169168167166165164163162161160158157156155154153152151150149148147146144143142141140139138137136135134133132131130129128127128129130131132133134135136137138139140141142143144145146147148149150151152153154155
244243242241240239238237236235234233232231230229228227226225224223222221220219218217215214213212211210209208206205204203202201200199198197196195194193192191190189188187186185184182181180179178177176175174173172171170169168167166165164163162161159158157156155154153152151150149148147145144143142141140139138137136135134133132131130129128129130131132133134135136137138139140141142143144145146147148149150151152153154155156
245244243242241240239238237236235234233232231230229228227226225224223222221220219218216215214213212211210209207206205204203202201200199198197196195194193192191190189188187186185183182181180179178177176175174173172171170169168167166165164163162160159158157156155154153152151150149148146145144143142141140139138137136135134133132131130129130131132133134135136137138139140141142143144145146147148149150151152153154155156157
246245244243242241240239238237236235234233232231230229228227226225224223222221220219217216215214213212211210208207206205204203202201200199198197196195194193192191190189188187186184183182181180179178177176175174173172171170169168167166165164163161160159158157156155154153152151150149147146145144143142141140139138137136135134133132131130131132133134135136137138139140141142143144145146147148149150151152153154155156157158
247246245244243242241240239238237236235234233232231230229228227226225224223222221220218217216215214213212211209208207206205204203202201200199198197196195194193192191190189188187185184183182181180179178177176175174173172171170169168167166165164162161160159158157156155154153152151150148147146145144143142141140139138137136135134133132131132133134135136137138139140141142143144145146147148149150151152153154155156157158159
248247246245244243242241240239238237236235234233232231230229228227226225224223222221219218217216215214213212210209208207206205204203202201200199198197196195194193192191190189188186185184183182181180179178177176175174173172171170169168167166165163162161160159158157156155154153152151149148147146145144143142141140139138137136135134133132133134135136137138139140141142143144145146147148149150151152153154155156157158159160
249248247246245244243242241240239238237236235234233232231230229228227226225224223222220219218217216215214213211210209208207206205204203202201200199198197196195194193192191190189187186185184183182181180179178177176175174173172171170169168167166164163162161160159158157156155154153152150149148147146145144143142141140139138137136135134133134135136137138139140141142143144145146147148149150151152153154155156157158159160161
250249248247246245244243242241240239238237236235234233232231230229228227226225224223221220219218217216215214212211210209208207206205204203202201200199198197196195194193192191190188187186185184183182181180179178177176175174173172171170169168167165164163162161160159158157156155154153151150149148147146145144143142141140139138137136135134135136137138139140141142143144145146147148149150151152153154155156157158159160161162
251250249248247246245244243242241240239238237236235234233232231230229228227226225224222221220219218217216215213212211210209208207206205204203202201200199198197196195194193192191189188187186185184183182181180179178177176175174173172171170169168166165164163162161160159158157156155154152151150149148147146145144143142141140139138137136135136137138139140141142143144145146147148149150151152153154155156157158159160161162163
252251250249248247246245244243242241240239238237236235234233232231230229228227226225223222221220219218217216214213212211210209208207206205204203202201200199198197196195194193192190189188187186185184183182181180179178177176175174173172171170169167166165164163162161160159158157156155153152151150149148147146145144143142141140139138137136137138139140141142143144145146147148149150151152153154155156157158159160161162163164
253252251250249248247246245244243242241240239238237236235234233232231230229228227226224223222221220219218217215214213212211210209208207206205204203202201200199198197196195194193191190189188187186185184183182181180179178177176175174173172171170168167166165164163162161160159158157156154153152151150149148147146145144143142141140139138137138139140141142143144145146147148149150151152153154155156157158159160161162163164165
254253252251250249248247246245244243242241240239238237236235234233232231230229228227225224223222221220219218216215214213212211210209208207206205204203202201200199198197196195194192191190189188187186185184183182181180179178177176175174173172171169168167166165164163162161160159158157155154153152151150149148147146145144143142141140139138139140141142143144145146147148149150151152153154155156157158159160161162163164165166
255254253252251250249248247246245244243242241240239238237236235234233232231230229228226225224223222221220219217216215214213212211210209208207206205204203202201200199198197196195193192191190189188187186185184183182181180179178177176175174173172170169168167166165164163162161160159158156155154153152151150149148147146145144143142141140139140141142143144145146147148149150151152153154155156157158159160161162163164165166167
256255254253252251250249248247246245244243242241240239238237236235234233232231230229227226225224223222221220218217216215214213212211210209208207206205204203202201200199198197196194193192191190189188187186185184183182181180179178177176175174173171170169168167166165164163162161160159157156155154153152151150149148147146145144143142141140141142143144145146147148149150151152153154155156157158159160161162163164165166167168
257256255254253252251250249248247246245244243242241240239238237236235234233232231230228227226225224223222221219218217216215214213212211210209208207206205204203202201200199198197195194193192191190189188187186185184183182181180179178177176175174172171170169168167166165164163162161160158157156155154153152151150149148147146145144143142141142143144145146147148149150151152153154155156157158159160161162163164165166167168169
258257256255254253252251250249248247246245244243242241240239238237236235234233232231229228227226225224223222220219218217216215214213212211210209208207206205204203202201200199198196195194193192191190189188187186185184183182181180179178177176175173172171170169168167166165164163162161159158157156155154153152151150149148147146145144143142143144145146147148149150151152153154155156157158159160161162163164165166167168169170
