9876543212345678910111213141516171819212223242526272830313233343536373839404142434445464748495051525455565758596061626364656667686970717273747577787980818283848586878889919293949596979899100101102103104105106107108109110111112113114115116117118119120121122123124125126127128129130131132133134135136137
87654321012345678910111213141516171820212223242526272930313233343536373839404142434445464748495051535455565758596061626364656667686970717273747677787980818283848586878890919293949596979899100101102103104105106107108109110111112113114115116117118119120121122123124125126127128129130131132133134135136
9876543212345678910111213141516171819222223242526272831313233343536373839404142434445464748495051525555565758596061626364656667686970717273747578787980818283848586878889929293949596979899100101102103104105106107108109110111112113114115116117118119120121122123124125126127128129130131132133134135136137
1098765432345678910111213141516171819202423242526272829333233343536373839404142434445464748495051525357565758596061626364656667686970717273747576807980818283848586878889909493949596979899100101102103104105106107108109110111112113114115116117118119120121122123124125126127128129130131132133134135136137138
1110987654345678910111213141516171819202126242526272829303533343536373839404142434445464748495051525354595758596061626364656667686970717273747576778280818283848586878889909196949596979899100101102103104105106107108109110111112113114115116117118119120121122123124125126127128129130131132133134135136137138139
1211109876545678910111213141516171819202122282526272829303137343536373839404142434445464748495051525354556158596061626364656667686970717273747576777884818283848586878889909192989596979899100101102103104105106107108109110111112113114115116117118119120121122123124125126127128129130131132133134135136137138139140
13121110987656789101112131415161718192021222330262728293031323935363738394041424344454647484950515253545556635960616263646566676869707172737475767778798682838485868788899091929310096979899100101102103104105106107108109110111112113114115116117118119120121122123124125126127128129130131132133134135136137138139140141
14131211109876789101112131415161718192021222324322728293031323341363738394041424344454647484950515253545556576560616263646566676869707172737475767778798088838485868788899091929394102979899100101102103104105106107108109110111112113114115116117118119120121122123124125126127128129130131132133134135136137138139140141142
15141312111098789101112131415161718192021222324253428293031323334433738394041424344454647484950515253545556575867616263646566676869707172737475767778798081908485868788899091929394951049899100101102103104105106107108109110111112113114115116117118119120121122123124125126127128129130131132133134135136137138139140141142143
16151413121110989101112131415161718192021222324252636293031323334354538394041424344454647484950515253545556575859696263646566676869707172737475767778798081829285868788899091929394959610699100101102103104105106107108109110111112113114115116117118119120121122123124125126127128129130131132133134135136137138139140141142143144
17161514131211109101112131415161718192021222324252627383031323334353647394041424344454647484950515253545556575859607163646566676869707172737475767778798081828394868788899091929394959697108100101102103104105106107108109110111112113114115116117118119120121122123124125126127128129130131132133134135136137138139140141142143144145
181716151413121110111213141516171819202122232425262728403132333435363749404142434445464748495051525354555657585960617364656667686970717273747576777879808182838496878889909192939495969798110101102103104105106107108109110111112113114115116117118119120121122123124125126127128129130131132133134135136137138139140141142143144145146
191817161514131211121314151617181920212223242526272829423233343536373851414243444546474849505152535455565758596061627565666768697071727374757677787980818283848598888990919293949596979899112102103104105106107108109110111112113114115116117118119120121122123124125126127128129130131132133134135136137138139140141142143144145146147
20191817161514131213141516171819202122232425262728293044333435363738395342434445464748495051525354555657585960616263776667686970717273747576777879808182838485861008990919293949596979899100114103104105106107108109110111112113114115116117118119120121122123124125126127128129130131132133134135136137138139140141142143144145146147148
212019181716151413141516171819202122232425262728293031463435363738394055434445464748495051525354555657585960616263647967686970717273747576777879808182838485868710290919293949596979899100101116104105106107108109110111112113114115116117118119120121122123124125126127128129130131132133134135136137138139140141142143144145146147148149
2221201918171615141516171819202122232425262728293031324835363738394041574445464748495051525354555657585960616263646581686970717273747576777879808182838485868788104919293949596979899100101102118105106107108109110111112113114115116117118119120121122123124125126127128129130131132133134135136137138139140141142143144145146147148149150
23222120191817161516171819202122232425262728293031323350363738394041425945464748495051525354555657585960616263646566836970717273747576777879808182838485868788891069293949596979899100101102103120106107108109110111112113114115116117118119120121122123124125126127128129130131132133134135136137138139140141142143144145146147148149150151
242322212019181716171819202122232425262728293031323334523738394041424361464748495051525354555657585960616263646566678570717273747576777879808182838485868788899010893949596979899100101102103104122107108109110111112113114115116117118119120121122123124125126127128129130131132133134135136137138139140141142143144145146147148149150151152
2524232221201918171819202122232425262728293031323334355438394041424344634748495051525354555657585960616263646566676887717273747576777879808182838485868788899091110949596979899100101102103104105124108109110111112113114115116117118119120121122123124125126127128129130131132133134135136137138139140141142143144145146147148149150151152153
26252423222120191819202122232425262728293031323334353656394041424344456548495051525354555657585960616263646566676869897273747576777879808182838485868788899091921129596979899100101102103104105106126109110111112113114115116117118119120121122123124125126127128129130131132133134135136137138139140141142143144145146147148149150151152153154
272625242322212019202122232425262728293031323334353637584041424344454667495051525354555657585960616263646566676869709173747576777879808182838485868788899091929311496979899100101102103104105106107128110111112113114115116117118119120121122123124125126127128129130131132133134135136137138139140141142143144145146147148149150151152153154155
2827262524232221202122232425262728293031323334353637386041424344454647695051525354555657585960616263646566676869707193747576777879808182838485868788899091929394116979899100101102103104105106107108130111112113114115116117118119120121122123124125126127128129130131132133134135136137138139140141142143144145146147148149150151152153154155156
29282726252423222122232425262728293031323334353637383962424344454647487151525354555657585960616263646566676869707172957576777879808182838485868788899091929394951189899100101102103104105106107108109132112113114115116117118119120121122123124125126127128129130131132133134135136137138139140141142143144145146147148149150151152153154155156157
302928272625242322232425262728293031323334353637383940644344454647484973525354555657585960616263646566676869707172739776777879808182838485868788899091929394959612099100101102103104105106107108109110134113114115116117118119120121122123124125126127128129130131132133134135136137138139140141142143144145146147148149150151152153154155156157158
3130292827262524232425262728293031323334353637383940416644454647484950755354555657585960616263646566676869707172737499777879808182838485868788899091929394959697122100101102103104105106107108109110111136114115116117118119120121122123124125126127128129130131132133134135136137138139140141142143144145146147148149150151152153154155156157158159
32313029282726252425262728293031323334353637383940414268454647484950517754555657585960616263646566676869707172737475101787980818283848586878889909192939495969798124101102103104105106107108109110111112138115116117118119120121122123124125126127128129130131132133134135136137138139140141142143144145146147148149150151152153154155156157158159160
33323130292827262526272829303132333435363738394041424370464748495051527955565758596061626364656667686970717273747576103798081828384858687888990919293949596979899126102103104105106107108109110111112113140116117118119120121122123124125126127128129130131132133134135136137138139140141142143144145146147148149150151152153154155156157158159160161
343332313029282726272829303132333435363738394041424344724748495051525381565758596061626364656667686970717273747576771058081828384858687888990919293949596979899100128103104105106107108109110111112113114142117118119120121122123124125126127128129130131132133134135136137138139140141142143144145146147148149150151152153154155156157158159160161162
3534333231302928272829303132333435363738394041424344457448495051525354835758596061626364656667686970717273747576777810781828384858687888990919293949596979899100101130104105106107108109110111112113114115144118119120121122123124125126127128129130131132133134135136137138139140141142143144145146147148149150151152153154155156157158159160161162163
36353433323130292829303132333435363738394041424344454676495051525354558558596061626364656667686970717273747576777879109828384858687888990919293949596979899100101102132105106107108109110111112113114115116146119120121122123124125126127128129130131132133134135136137138139140141142143144145146147148149150151152153154155156157158159160161162163164
373635343332313029303132333435363738394041424344454647785051525354555687596061626364656667686970717273747576777879801118384858687888990919293949596979899100101102103134106107108109110111112113114115116117148120121122123124125126127128129130131132133134135136137138139140141142143144145146147148149150151152153154155156157158159160161162163164165
3837363534333231303132333435363738394041424344454647488051525354555657896061626364656667686970717273747576777879808111384858687888990919293949596979899100101102103104136107108109110111112113114115116117118150121122123124125126127128129130131132133134135136137138139140141142143144145146147148149150151152153154155156157158159160161162163164165166
39383736353433323132333435363738394041424344454647484982525354555657589161626364656667686970717273747576777879808182115858687888990919293949596979899100101102103104105138108109110111112113114115116117118119152122123124125126127128129130131132133134135136137138139140141142143144145146147148149150151152153154155156157158159160161162163164165166167
403938373635343332333435363738394041424344454647484950845354555657585993626364656667686970717273747576777879808182831178687888990919293949596979899100101102103104105106140109110111112113114115116117118119120154123124125126127128129130131132133134135136137138139140141142143144145146147148149150151152153154155156157158159160161162163164165166167168
50484644424038363435363738394041424344454647484950515287555657585960619664656667686970717273747576777879808182838485120888990919293949596979899100101102103104105106107108143111112113114115116117118119120121122157125126127128129130131132133134135136137138139140141142143144145146147148149150151152153154155156157158159160161162163164165166167168169170
434241403938373635363738394041424344454647484950515253895657585960616298656667686970717273747576777879808182838485861228990919293949596979899100101102103104105106107108109145112113114115116117118119120121122123159126127128129130131132133134135136137138139140141142143144145146147148149150151152153154155156157158159160161162163164165166167168169170171
44434241403938373637383940414243444546474849505152535491575859606162631006667686970717273747576777879808182838485868712490919293949596979899100101102103104105106107108109110147113114115116117118119120121122123124161127128129130131132133134135136137138139140141142143144145146147148149150151152153154155156157158159160161162163164165166167168169170171172
5452504846444240383940414243444546474849505152535455569459606162636465103686970717273747576777879808182838485868788891279293949596979899100101102103104105106107108109110111112150115116117118119120121122123124125126164129130131132133134135136137138139140141142143144145146147148149150151152153154155156157158159160161162163164165166167168169170171172173174
47464544434241403940414243444546474849505152535455565796606162636465661056970717273747576777879808182838485868788899012993949596979899100101102103104105106107108109110111112113152116117118119120121122123124125126127166130131132133134135136137138139140141142143144145146147148149150151152153154155156157158159160161162163164165166167168169170171172173174175
484746454443424140414243444546474849505152535455565758986162636465666710770717273747576777879808182838485868788899091131949596979899100101102103104105106107108109110111112113114154117118119120121122123124125126127128168131132133134135136137138139140141142143144145146147148149150151152153154155156157158159160161162163164165166167168169170171172173174175176
49484746454443424142434445464748495051525354555657585910062636465666768109717273747576777879808182838485868788899091921339596979899100101102103104105106107108109110111112113114115156118119120121122123124125126127128129170132133134135136137138139140141142143144145146147148149150151152153154155156157158159160161162163164165166167168169170171172173174175176177
504948474645444342434445464748495051525354555657585960102636465666768691117273747576777879808182838485868788899091929313596979899100101102103104105106107108109110111112113114115116158119120121122123124125126127128129130172133134135136137138139140141142143144145146147148149150151152153154155156157158159160161162163164165166167168169170171172173174175176177178
5150494847464544434445464748495051525354555657585960611046465666768697011373747576777879808182838485868788899091929394137979899100101102103104105106107108109110111112113114115116117160120121122123124125126127128129130131174134135136137138139140141142143144145146147148149150151152153154155156157158159160161162163164165166167168169170171172173174175176177178179
52515049484746454445464748495051525354555657585960616210665666768697071115747576777879808182838485868788899091929394951399899100101102103104105106107108109110111112113114115116117118162121122123124125126127128129130131132176135136137138139140141142143144145146147148149150151152153154155156157158159160161162163164165166167168169170171172173174175176177178179180
535251504948474645464748495051525354555657585960616263108666768697071721177576777879808182838485868788899091929394959614199100101102103104105106107108109110111112113114115116117118119164122123124125126127128129130131132133178136137138139140141142143144145146147148149150151152153154155156157158159160161162163164165166167168169170171172173174175176177178179180181
5453525150494847464748495051525354555657585960616263641106768697071727311976777879808182838485868788899091929394959697143100101102103104105106107108109110111112113114115116117118119120166123124125126127128129130131132133134180137138139140141142143144145146147148149150151152153154155156157158159160161162163164165166167168169170171172173174175176177178179180181182
5554535251504948474849505152535455565758596061626364651126869707172737412177787980818283848586878889909192939495969798145101102103104105106107108109110111112113114115116117118119120121168124125126127128129130131132133134135182138139140141142143144145146147148149150151152153154155156157158159160161162163164165166167168169170171172173174175176177178179180181182183
5655545352515049484950515253545556575859606162636465661146970717273747512378798081828384858687888990919293949596979899147102103104105106107108109110111112113114115116117118119120121122170125126127128129130131132133134135136184139140141142143144145146147148149150151152153154155156157158159160161162163164165166167168169170171172173174175176177178179180181182183184
57565554535251504950515253545556575859606162636465666711670717273747576125798081828384858687888990919293949596979899100149103104105106107108109110111112113114115116117118119120121122123172126127128129130131132133134135136137186140141142143144145146147148149150151152153154155156157158159160161162163164165166167168169170171172173174175176177178179180181182183184185
585756555453525150515253545556575859606162636465666768118717273747576771278081828384858687888990919293949596979899100101151104105106107108109110111112113114115116117118119120121122123124174127128129130131132133134135136137138188141142143144145146147148149150151152153154155156157158159160161162163164165166167168169170171172173174175176177178179180181182183184185186
5958575655545352515253545556575859606162636465666768691207273747576777812981828384858687888990919293949596979899100101102153105106107108109110111112113114115116117118119120121122123124125176128129130131132133134135136137138139190142143144145146147148149150151152153154155156157158159160161162163164165166167168169170171172173174175176177178179180181182183184185186187
60595857565554535253545556575859606162636465666768697012273747576777879131828384858687888990919293949596979899100101102103155106107108109110111112113114115116117118119120121122123124125126178129130131132133134135136137138139140192143144145146147148149150151152153154155156157158159160161162163164165166167168169170171172173174175176177178179180181182183184185186187188
616059585756555453545556575859606162636465666768697071124747576777879801338384858687888990919293949596979899100101102103104157107108109110111112113114115116117118119120121122123124125126127180130131132133134135136137138139140141194144145146147148149150151152153154155156157158159160161162163164165166167168169170171172173174175176177178179180181182183184185186187188189
6261605958575655545556575859606162636465666768697071721267576777879808113584858687888990919293949596979899100101102103104105159108109110111112113114115116117118119120121122123124125126127128182131132133134135136137138139140141142196145146147148149150151152153154155156157158159160161162163164165166167168169170171172173174175176177178179180181182183184185186187188189190
63626160595857565556575859606162636465666768697071727312876777879808182137858687888990919293949596979899100101102103104105106161109110111112113114115116117118119120121122123124125126127128129184132133134135136137138139140141142143198146147148149150151152153154155156157158159160161162163164165166167168169170171172173174175176177178179180181182183184185186187188189190191
7371696765636159575859606162636465666768697071727374751317879808182838414087888990919293949596979899100101102103104105106107108164111112113114115116117118119120121122123124125126127128129130131187134135136137138139140141142143144145201148149150151152153154155156157158159160161162163164165166167168169170171172173174175176177178179180181182183184185186187188189190191192193
66656463626160595859606162636465666768697071727374757613379808182838485142888990919293949596979899100101102103104105106107108109166112113114115116117118119120121122123124125126127128129130131132189135136137138139140141142143144145146203149150151152153154155156157158159160161162163164165166167168169170171172173174175176177178179180181182183184185186187188189190191192193194
676665646362616059606162636465666768697071727374757677135808182838485861448990919293949596979899100101102103104105106107108109110168113114115116117118119120121122123124125126127128129130131132133191136137138139140141142143144145146147205150151152153154155156157158159160161162163164165166167168169170171172173174175176177178179180181182183184185186187188189190191192193194195
6867666564636261606162636465666768697071727374757677781378182838485868714690919293949596979899100101102103104105106107108109110111170114115116117118119120121122123124125126127128129130131132133134193137138139140141142143144145146147148207151152153154155156157158159160161162163164165166167168169170171172173174175176177178179180181182183184185186187188189190191192193194195196
69686766656463626162636465666768697071727374757677787913982838485868788148919293949596979899100101102103104105106107108109110111112172115116117118119120121122123124125126127128129130131132133134135195138139140141142143144145146147148149209152153154155156157158159160161162163164165166167168169170171172173174175176177178179180181182183184185186187188189190191192193194195196197
7977757371696765636465666768697071727374757677787980811428485868788899015193949596979899100101102103104105106107108109110111112113114175117118119120121122123124125126127128129130131132133134135136137198140141142143144145146147148149150151212154155156157158159160161162163164165166167168169170171172173174175176177178179180181182183184185186187188189190191192193194195196197198199
72717069686766656465666768697071727374757677787980818214485868788899091153949596979899100101102103104105106107108109110111112113114115177118119120121122123124125126127128129130131132133134135136137138200141142143144145146147148149150151152214155156157158159160161162163164165166167168169170171172173174175176177178179180181182183184185186187188189190191192193194195196197198199200
737271706968676665666768697071727374757677787980818283146868788899091921559596979899100101102103104105106107108109110111112113114115116179119120121122123124125126127128129130131132133134135136137138139202142143144145146147148149150151152153216156157158159160161162163164165166167168169170171172173174175176177178179180181182183184185186187188189190191192193194195196197198199200201
7473727170696867666768697071727374757677787980818283841488788899091929315796979899100101102103104105106107108109110111112113114115116117181120121122123124125126127128129130131132133134135136137138139140204143144145146147148149150151152153154218157158159160161162163164165166167168169170171172173174175176177178179180181182183184185186187188189190191192193194195196197198199200201202
75747372717069686768697071727374757677787980818283848515088899091929394159979899100101102103104105106107108109110111112113114115116117118183121122123124125126127128129130131132133134135136137138139140141206144145146147148149150151152153154155220158159160161162163164165166167168169170171172173174175176177178179180181182183184185186187188189190191192193194195196197198199200201202203
767574737271706968697071727374757677787980818283848586152899091929394951619899100101102103104105106107108109110111112113114115116117118119185122123124125126127128129130131132133134135136137138139140141142208145146147148149150151152153154155156222159160161162163164165166167168169170171172173174175176177178179180181182183184185186187188189190191192193194195196197198199200201202203204
7776757473727170697071727374757677787980818283848586871549091929394959616399100101102103104105106107108109110111112113114115116117118119120187123124125126127128129130131132133134135136137138139140141142143210146147148149150151152153154155156157224160161162163164165166167168169170171172173174175176177178179180181182183184185186187188189190191192193194195196197198199200201202203204205
78777675747372717071727374757677787980818283848586878815691929394959697165100101102103104105106107108109110111112113114115116117118119120121189124125126127128129130131132133134135136137138139140141142143144212147148149150151152153154155156157158226161162163164165166167168169170171172173174175176177178179180181182183184185186187188189190191192193194195196197198199200201202203204205206
79787776757473727172737475767778798081828384858687888915892939495969798167101102103104105106107108109110111112113114115116117118119120121122191125126127128129130131132133134135136137138139140141142143144145214148149150151152153154155156157158159228162163164165166167168169170171172173174175176177178179180181182183184185186187188189190191192193194195196197198199200201202203204205206207
80797877767574737273747576777879808182838485868788899016093949596979899169102103104105106107108109110111112113114115116117118119120121122123193126127128129130131132133134135136137138139140141142143144145146216149150151152153154155156157158159160230163164165166167168169170171172173174175176177178179180181182183184185186187188189190191192193194195196197198199200201202203204205206207208
818079787776757473747576777879808182838485868788899091162949596979899100171103104105106107108109110111112113114115116117118119120121122123124195127128129130131132133134135136137138139140141142143144145146147218150151152153154155156157158159160161232164165166167168169170171172173174175176177178179180181182183184185186187188189190191192193194195196197198199200201202203204205206207208209
8281807978777675747576777879808182838485868788899091921649596979899100101173104105106107108109110111112113114115116117118119120121122123124125197128129130131132133134135136137138139140141142143144145146147148220151152153154155156157158159160161162234165166167168169170171172173174175176177178179180181182183184185186187188189190191192193194195196197198199200201202203204205206207208209210
83828180797877767576777879808182838485868788899091929316696979899100101102175105106107108109110111112113114115116117118119120121122123124125126199129130131132133134135136137138139140141142143144145146147148149222152153154155156157158159160161162163236166167168169170171172173174175176177178179180181182183184185186187188189190191192193194195196197198199200201202203204205206207208209210211
848382818079787776777879808182838485868788899091929394168979899100101102103177106107108109110111112113114115116117118119120121122123124125126127201130131132133134135136137138139140141142143144145146147148149150224153154155156157158159160161162163164238167168169170171172173174175176177178179180181182183184185186187188189190191192193194195196197198199200201202203204205206207208209210211212
8584838281807978777879808182838485868788899091929394951709899100101102103104179107108109110111112113114115116117118119120121122123124125126127128203131132133134135136137138139140141142143144145146147148149150151226154155156157158159160161162163164165240168169170171172173174175176177178179180181182183184185186187188189190191192193194195196197198199200201202203204205206207208209210211212213
86858483828180797879808182838485868788899091929394959617299100101102103104105181108109110111112113114115116117118119120121122123124125126127128129205132133134135136137138139140141142143144145146147148149150151152228155156157158159160161162163164165166242169170171172173174175176177178179180181182183184185186187188189190191192193194195196197198199200201202203204205206207208209210211212213214
878685848382818079808182838485868788899091929394959697174100101102103104105106183109110111112113114115116117118119120121122123124125126127128129130207133134135136137138139140141142143144145146147148149150151152153230156157158159160161162163164165166167244170171172173174175176177178179180181182183184185186187188189190191192193194195196197198199200201202203204205206207208209210211212213214215
888786858483828180818283848586878889909192939495969798176101102103104105106107185110111112113114115116117118119120121122123124125126127128129130131209134135136137138139140141142143144145146147148149150151152153154232157158159160161162163164165166167168246171172173174175176177178179180181182183184185186187188189190191192193194195196197198199200201202203204205206207208209210211212213214215216
898887868584838281828384858687888990919293949596979899178102103104105106107108187111112113114115116117118119120121122123124125126127128129130131132211135136137138139140141142143144145146147148149150151152153154155234158159160161162163164165166167168169248172173174175176177178179180181182183184185186187188189190191192193194195196197198199200201202203204205206207208209210211212213214215216217
9089888786858483828384858687888990919293949596979899100180103104105106107108109189112113114115116117118119120121122123124125126127128129130131132133213136137138139140141142143144145146147148149150151152153154155156236159160161162163164165166167168169170250173174175176177178179180181182183184185186187188189190191192193194195196197198199200201202203204205206207208209210211212213214215216217218
91908988878685848384858687888990919293949596979899100101182104105106107108109110191113114115116117118119120121122123124125126127128129130131132133134215137138139140141142143144145146147148149150151152153154155156157238160161162163164165166167168169170171252174175176177178179180181182183184185186187188189190191192193194195196197198199200201202203204205206207208209210211212213214215216217218219
929190898887868584858687888990919293949596979899100101102184105106107108109110111193114115116117118119120121122123124125126127128129130131132133134135217138139140141142143144145146147148149150151152153154155156157158240161162163164165166167168169170171172254175176177178179180181182183184185186187188189190191192193194195196197198199200201202203204205206207208209210211212213214215216217218219220
1021009896949290888687888990919293949596979899100101102103104187107108109110111112113196116117118119120121122123124125126127128129130131132133134135136137220140141142143144145146147148149150151152153154155156157158159160243163164165166167168169170171172173174257177178179180181182183184185186187188189190191192193194195196197198199200201202203204205206207208209210211212213214215216217218219220221222
959493929190898887888990919293949596979899100101102103104105189108109110111112113114198117118119120121122123124125126127128129130131132133134135136137138222141142143144145146147148149150151152153154155156157158159160161245164165166167168169170171172173174175259178179180181182183184185186187188189190191192193194195196197198199200201202203204205206207208209210211212213214215216217218219220221222223
9695949392919089888990919293949596979899100101102103104105106191109110111112113114115200118119120121122123124125126127128129130131132133134135136137138139224142143144145146147148149150151152153154155156157158159160161162247165166167168169170171172173174175176261179180181182183184185186187188189190191192193194195196197198199200201202203204205206207208209210211212213214215216217218219220221222223224
97969594939291908990919293949596979899100101102103104105106107193110111112113114115116202119120121122123124125126127128129130131132133134135136137138139140226143144145146147148149150151152153154155156157158159160161162163249166167168169170171172173174175176177263180181182183184185186187188189190191192193194195196197198199200201202203204205206207208209210211212213214215216217218219220221222223224225
989796959493929190919293949596979899100101102103104105106107108195111112113114115116117204120121122123124125126127128129130131132133134135136137138139140141228144145146147148149150151152153154155156157158159160161162163164251167168169170171172173174175176177178265181182183184185186187188189190191192193194195196197198199200201202203204205206207208209210211212213214215216217218219220221222223224225226
9998979695949392919293949596979899100101102103104105106107108109197112113114115116117118206121122123124125126127128129130131132133134135136137138139140141142230145146147148149150151152153154155156157158159160161162163164165253168169170171172173174175176177178179267182183184185186187188189190191192193194195196197198199200201202203204205206207208209210211212213214215216217218219220221222223224225226227
100999897969594939293949596979899100101102103104105106107108109110199113114115116117118119208122123124125126127128129130131132133134135136137138139140141142143232146147148149150151152153154155156157158159160161162163164165166255169170171172173174175176177178179180269183184185186187188189190191192193194195196197198199200201202203204205206207208209210211212213214215216217218219220221222223224225226227228
10110099989796959493949596979899100101102103104105106107108109110111201114115116117118119120210123124125126127128129130131132133134135136137138139140141142143144234147148149150151152153154155156157158159160161162163164165166167257170171172173174175176177178179180181271184185186187188189190191192193194195196197198199200201202203204205206207208209210211212213214215216217218219220221222223224225226227228229
1021011009998979695949596979899100101102103104105106107108109110111112203115116117118119120121212124125126127128129130131132133134135136137138139140141142143144145236148149150151152153154155156157158159160161162163164165166167168259171172173174175176177178179180181182273185186187188189190191192193194195196197198199200201202203204205206207208209210211212213214215216217218219220221222223224225226227228229230
103102101100999897969596979899100101102103104105106107108109110111112113205116117118119120121122214125126127128129130131132133134135136137138139140141142143144145146238149150151152153154155156157158159160161162163164165166167168169261172173174175176177178179180181182183275186187188189190191192193194195196197198199200201202203204205206207208209210211212213214215216217218219220221222223224225226227228229230231
10410310210110099989796979899100101102103104105106107108109110111112113114207117118119120121122123216126127128129130131132133134135136137138139140141142143144145146147240150151152153154155156157158159160161162163164165166167168169170263173174175176177178179180181182183184277187188189190191192193194195196197198199200201202203204205206207208209210211212213214215216217218219220221222223224225226227228229230231232
1051041031021011009998979899100101102103104105106107108109110111112113114115209118119120121122123124218127128129130131132133134135136137138139140141142143144145146147148242151152153154155156157158159160161162163164165166167168169170171265174175176177178179180181182183184185279188189190191192193194195196197198199200201202203204205206207208209210211212213214215216217218219220221222223224225226227228229230231232233
106105104103102101100999899100101102103104105106107108109110111112113114115116211119120121122123124125220128129130131132133134135136137138139140141142143144145146147148149244152153154155156157158159160161162163164165166167168169170171172267175176177178179180181182183184185186281189190191192193194195196197198199200201202203204205206207208209210211212213214215216217218219220221222223224225226227228229230231232233234
10710610510410310210110099100101102103104105106107108109110111112113114115116117213120121122123124125126222129130131132133134135136137138139140141142143144145146147148149150246153154155156157158159160161162163164165166167168169170171172173269176177178179180181182183184185186187283190191192193194195196197198199200201202203204205206207208209210211212213214215216217218219220221222223224225226227228229230231232233234235
108107106105104103102101100101102103104105106107108109110111112113114115116117118215121122123124125126127224130131132133134135136137138139140141142143144145146147148149150151248154155156157158159160161162163164165166167168169170171172173174271177178179180181182183184185186187188285191192193194195196197198199200201202203204205206207208209210211212213214215216217218219220221222223224225226227228229230231232233234235236
109108107106105104103102101102103104105106107108109110111112113114115116117118119217122123124125126127128226131132133134135136137138139140141142143144145146147148149150151152250155156157158159160161162163164165166167168169170171172173174175273178179180181182183184185186187188189287192193194195196197198199200201202203204205206207208209210211212213214215216217218219220221222223224225226227228229230231232233234235236237
110109108107106105104103102103104105106107108109110111112113114115116117118119120219123124125126127128129228132133134135136137138139140141142143144145146147148149150151152153252156157158159160161162163164165166167168169170171172173174175176275179180181182183184185186187188189190289193194195196197198199200201202203204205206207208209210211212213214215216217218219220221222223224225226227228229230231232233234235236237238
111110109108107106105104103104105106107108109110111112113114115116117118119120121221124125126127128129130230133134135136137138139140141142143144145146147148149150151152153154254157158159160161162163164165166167168169170171172173174175176177277180181182183184185186187188189190191291194195196197198199200201202203204205206207208209210211212213214215216217218219220221222223224225226227228229230231232233234235236237238239
112111110109108107106105104105106107108109110111112113114115116117118119120121122223125126127128129130131232134135136137138139140141142143144145146147148149150151152153154155256158159160161162163164165166167168169170171172173174175176177178279181182183184185186187188189190191192293195196197198199200201202203204205206207208209210211212213214215216217218219220221222223224225226227228229230231232233234235236237238239240
113112111110109108107106105106107108109110111112113114115116117118119120121122123225126127128129130131132234135136137138139140141142143144145146147148149150151152153154155156258159160161162163164165166167168169170171172173174175176177178179281182183184185186187188189190191192193295196197198199200201202203204205206207208209210211212213214215216217218219220221222223224225226227228229230231232233234235236237238239240241
114113112111110109108107106107108109110111112113114115116117118119120121122123124227127128129130131132133236136137138139140141142143144145146147148149150151152153154155156157260160161162163164165166167168169170171172173174175176177178179180283183184185186187188189190191192193194297197198199200201202203204205206207208209210211212213214215216217218219220221222223224225226227228229230231232233234235236237238239240241242
115114113112111110109108107108109110111112113114115116117118119120121122123124125229128129130131132133134238137138139140141142143144145146147148149150151152153154155156157158262161162163164165166167168169170171172173174175176177178179180181285184185186187188189190191192193194195299198199200201202203204205206207208209210211212213214215216217218219220221222223224225226227228229230231232233234235236237238239240241242243
116115114113112111110109108109110111112113114115116117118119120121122123124125126231129130131132133134135240138139140141142143144145146147148149150151152153154155156157158159264162163164165166167168169170171172173174175176177178179180181182287185186187188189190191192193194195196301199200201202203204205206207208209210211212213214215216217218219220221222223224225226227228229230231232233234235236237238239240241242243244
117116115114113112111110109110111112113114115116117118119120121122123124125126127233130131132133134135136242139140141142143144145146147148149150151152153154155156157158159160266163164165166167168169170171172173174175176177178179180181182183289186187188189190191192193194195196197303200201202203204205206207208209210211212213214215216217218219220221222223224225226227228229230231232233234235236237238239240241242243244245
118117116115114113112111110111112113114115116117118119120121122123124125126127128235131132133134135136137244140141142143144145146147148149150151152153154155156157158159160161268164165166167168169170171172173174175176177178179180181182183184291187188189190191192193194195196197198305201202203204205206207208209210211212213214215216217218219220221222223224225226227228229230231232233234235236237238239240241242243244245246
119118117116115114113112111112113114115116117118119120121122123124125126127128129237132133134135136137138246141142143144145146147148149150151152153154155156157158159160161162270165166167168169170171172173174175176177178179180181182183184185293188189190191192193194195196197198199307202203204205206207208209210211212213214215216217218219220221222223224225226227228229230231232233234235236237238239240241242243244245246247
120119118117116115114113112113114115116117118119120121122123124125126127128129130239133134135136137138139248142143144145146147148149150151152153154155156157158159160161162163272166167168169170171172173174175176177178179180181182183184185186295189190191192193194195196197198199200309203204205206207208209210211212213214215216217218219220221222223224225226227228229230231232233234235236237238239240241242243244245246247248
121120119118117116115114113114115116117118119120121122123124125126127128129130131241134135136137138139140250143144145146147148149150151152153154155156157158159160161162163164274167168169170171172173174175176177178179180181182183184185186187297190191192193194195196197198199200201311204205206207208209210211212213214215216217218219220221222223224225226227228229230231232233234235236237238239240241242243244245246247248249
122121120119118117116115114115116117118119120121122123124125126127128129130131132243135136137138139140141252144145146147148149150151152153154155156157158159160161162163164165276168169170171172173174175176177178179180181182183184185186187188299191192193194195196197198199200201202313205206207208209210211212213214215216217218219220221222223224225226227228229230231232233234235236237238239240241242243244245246247248249250
123122121120119118117116115116117118119120121122123124125126127128129130131132133245136137138139140141142254145146147148149150151152153154155156157158159160161162163164165166278169170171172173174175176177178179180181182183184185186187188189301192193194195196197198199200201202203315206207208209210211212213214215216217218219220221222223224225226227228229230231232233234235236237238239240241242243244245246247248249250251
124123122121120119118117116117118119120121122123124125126127128129130131132133134247137138139140141142143256146147148149150151152153154155156157158159160161162163164165166167280170171172173174175176177178179180181182183184185186187188189190303193194195196197198199200201202203204317207208209210211212213214215216217218219220221222223224225226227228229230231232233234235236237238239240241242243244245246247248249250251252
125124123122121120119118117118119120121122123124125126127128129130131132133134135249138139140141142143144258147148149150151152153154155156157158159160161162163164165166167168282171172173174175176177178179180181182183184185186187188189190191305194195196197198199200201202203204205319208209210211212213214215216217218219220221222223224225226227228229230231232233234235236237238239240241242243244245246247248249250251252253
126125124123122121120119118119120121122123124125126127128129130131132133134135136251139140141142143144145260148149150151152153154155156157158159160161162163164165166167168169284172173174175176177178179180181182183184185186187188189190191192307195196197198199200201202203204205206321209210211212213214215216217218219220221222223224225226227228229230231232233234235236237238239240241242243244245246247248249250251252253254
127126125124123122121120119120121122123124125126127128129130131132133134135136137253140141142143144145146262149150151152153154155156157158159160161162163164165166167168169170286173174175176177178179180181182183184185186187188189190191192193309196197198199200201202203204205206207323210211212213214215216217218219220221222223224225226227228229230231232233234235236237238239240241242243244245246247248249250251252253254255
128127126125124123122121120121122123124125126127128129130131132133134135136137138255141142143144145146147264150151152153154155156157158159160161162163164165166167168169170171288174175176177178179180181182183184185186187188189190191192193194311197198199200201202203204205206207208325211212213214215216217218219220221222223224225226227228229230231232233234235236237238239240241242243244245246247248249250251252253254255256
129128127126125124123122121122123124125126127128129130131132133134135136137138139257142143144145146147148266151152153154155156157158159160161162163164165166167168169170171172290175176177178179180181182183184185186187188189190191192193194195313198199200201202203204205206207208209327212213214215216217218219220221222223224225226227228229230231232233234235236237238239240241242243244245246247248249250251252253254255256257
130129128127126125124123122123124125126127128129130131132133134135136137138139140259143144145146147148149268152153154155156157158159160161162163164165166167168169170171172173292176177178179180181182183184185186187188189190191192193194195196315199200201202203204205206207208209210329213214215216217218219220221222223224225226227228229230231232233234235236237238239240241242243244245246247248249250251252253254255256257258
131130129128127126125124123124125126127128129130131132133134135136137138139140141261144145146147148149150270153154155156157158159160161162163164165166167168169170171172173174294177178179180181182183184185186187188189190191192193194195196197317200201202203204205206207208209210211331214215216217218219220221222223224225226227228229230231232233234235236237238239240241242243244245246247248249250251252253254255256257258259
132131130129128127126125124125126127128129130131132133134135136137138139140141142263145146147148149150151272154155156157158159160161162163164165166167168169170171172173174175296178179180181182183184185186187188189190191192193194195196197198319201202203204205206207208209210211212333215216217218219220221222223224225226227228229230231232233234235236237238239240241242243244245246247248249250251252253254255256257258259260
133132131130129128127126125126127128129130131132133134135136137138139140141142143265146147148149150151152274155156157158159160161162163164165166167168169170171172173174175176298179180181182183184185186187188189190191192193194195196197198199321202203204205206207208209210211212213335216217218219220221222223224225226227228229230231232233234235236237238239240241242243244245246247248249250251252253254255256257258259260261
134133132131130129128127126127128129130131132133134135136137138139140141142143144267147148149150151152153276156157158159160161162163164165166167168169170171172173174175176177300180181182183184185186187188189190191192193194195196197198199200323203204205206207208209210211212213214337217218219220221222223224225226227228229230231232233234235236237238239240241242243244245246247248249250251252253254255256257258259260261262
135134133132131130129128127128129130131132133134135136137138139140141142143144145269148149150151152153154278157158159160161162163164165166167168169170171172173174175176177178302181182183184185186187188189190191192193194195196197198199200201325204205206207208209210211212213214215339218219220221222223224225226227228229230231232233234235236237238239240241242243244245246247248249250251252253254255256257258259260261262263
136135134133132131130129128129130131132133134135136137138139140141142143144145146271149150151152153154155280158159160161162163164165166167168169170171172173174175176177178179304182183184185186187188189190191192193194195196197198199200201202327205206207208209210211212213214215216341219220221222223224225226227228229230231232233234235236237238239240241242243244245246247248249250251252253254255256257258259260261262263264
137136135134133132131130129130131132133134135136137138139140141142143144145146147273150151152153154155156282159160161162163164165166167168169170171172173174175176177178179180306183184185186187188189190191192193194195196197198199200201202203329206207208209210211212213214215216217343220221222223224225226227228229230231232233234235236237238239240241242243244245246247248249250251252253254255256257258259260261262263264265
138137136135134133132131130131132133134135136137138139140141142143144145146147148275151152153154155156157284160161162163164165166167168169170171172173174175176177178179180181308184185186187188189190191192193194195196197198199200201202203204331207208209210211212213214215216217218345221222223224225226227228229230231232233234235236237238239240241242243244245246247248249250251252253254255256257258259260261262263264265266
139138137136135134133132131132133134135136137138139140141142143144145146147148149277152153154155156157158286161162163164165166167168169170171172173174175176177178179180181182310185186187188189190191192193194195196197198199200201202203204205333208209210211212213214215216217218219347222223224225226227228229230231232233234235236237238239240241242243244245246247248249250251252253254255256257258259260261262263264265266267
140139138137136135134133132133134135136137138139140141142143144145146147148149150279153154155156157158159288162163164165166167168169170171172173174175176177178179180181182183312186187188189190191192193194195196197198199200201202203204205206335209210211212213214215216217218219220349223224225226227228229230231232233234235236237238239240241242243244245246247248249250251252253254255256257258259260261262263264265266267268
141140139138137136135134133134135136137138139140141142143144145146147148149150151281154155156157158159160290163164165166167168169170171172173174175176177178179180181182183184314187188189190191192193194195196197198199200201202203204205206207337210211212213214215216217218219220221351224225226227228229230231232233234235236237238239240241242243244245246247248249250251252253254255256257258259260261262263264265266267268269
142141140139138137136135134135136137138139140141142143144145146147148149150151152283155156157158159160161292164165166167168169170171172173174175176177178179180181182183184185316188189190191192193194195196197198199200201202203204205206207208339211212213214215216217218219220221222353225226227228229230231232233234235236237238239240241242243244245246247248249250251252253254255256257258259260261262263264265266267268269270
143142141140139138137136135136137138139140141142143144145146147148149150151152153285156157158159160161162294165166167168169170171172173174175176177178179180181182183184185186318189190191192193194195196197198199200201202203204205206207208209341212213214215216217218219220221222223355226227228229230231232233234235236237238239240241242243244245246247248249250251252253254255256257258259260261262263264265266267268269270271
144143142141140139138137136137138139140141142143144145146147148149150151152153154287157158159160161162163296166167168169170171172173174175176177178179180181182183184185186187320190191192193194195196197198199200201202203204205206207208209210343213214215216217218219220221222223224357227228229230231232233234235236237238239240241242243244245246247248249250251252253254255256257258259260261262263264265266267268269270271272
145144143142141140139138137138139140141142143144145146147148149150151152153154155289158159160161162163164298167168169170171172173174175176177178179180181182183184185186187188322191192193194195196197198199200201202203204205206207208209210211345214215216217218219220221222223224225359228229230231232233234235236237238239240241242243244245246247248249250251252253254255256257258259260261262263264265266267268269270271272273
146145144143142141140139138139140141142143144145146147148149150151152153154155156291159160161162163164165300168169170171172173174175176177178179180181182183184185186187188189324192193194195196197198199200201202203204205206207208209210211212347215216217218219220221222223224225226361229230231232233234235236237238239240241242243244245246247248249250251252253254255256257258259260261262263264265266267268269270271272273274
147146145144143142141140139140141142143144145146147148149150151152153154155156157293160161162163164165166302169170171172173174175176177178179180181182183184185186187188189190326193194195196197198199200201202203204205206207208209210211212213349216217218219220221222223224225226227363230231232233234235236237238239240241242243244245246247248249250251252253254255256257258259260261262263264265266267268269270271272273274275
148147146145144143142141140141142143144145146147148149150151152153154155156157158295161162163164165166167304170171172173174175176177178179180181182183184185186187188189190191328194195196197198199200201202203204205206207208209210211212213214351217218219220221222223224225226227228365231232233234235236237238239240241242243244245246247248249250251252253254255256257258259260261262263264265266267268269270271272273274275276
149148147146145144143142141142143144145146147148149150151152153154155156157158159297162163164165166167168306171172173174175176177178179180181182183184185186187188189190191192330195196197198199200201202203204205206207208209210211212213214215353218219220221222223224225226227228229367232233234235236237238239240241242243244245246247248249250251252253254255256257258259260261262263264265266267268269270271272273274275276277
150149148147146145144143142143144145146147148149150151152153154155156157158159160299163164165166167168169308172173174175176177178179180181182183184185186187188189190191192193332196197198199200201202203204205206207208209210211212213214215216355219220221222223224225226227228229230369233234235236237238239240241242243244245246247248249250251252253254255256257258259260261262263264265266267268269270271272273274275276277278
151150149148147146145144143144145146147148149150151152153154155156157158159160161301164165166167168169170310173174175176177178179180181182183184185186187188189190191192193194334197198199200201202203204205206207208209210211212213214215216217357220221222223224225226227228229230231371234235236237238239240241242243244245246247248249250251252253254255256257258259260261262263264265266267268269270271272273274275276277278279
