3212345678910111213141516171819202122232425272829303132333436373839404142434445464748495051525354555657586061626364656667686970717273747576777879808183848586878889909192939495979899100101102103104105106107108109110111112113114115116117118119120121122123124125126127128129130131132133134135136137138139140141142143
21012345678910111213141516171819202122232426272829303132333536373839404142434445464748495051525354555657596061626364656667686970717273747576777879808283848586878889909192939496979899100101102103104105106107108109110111112113114115116117118119120121122123124125126127128129130131132133134135136137138139140141142
3212345678910111213141516171819202122232425282829303132333437373839404142434445464748495051525354555657586161626364656667686970717273747576777879808184848586878889909192939495989899100101102103104105106107108109110111112113114115116117118119120121122123124125126127128129130131132133134135136137138139140141142143
4323456789101112131415161718192021222324252630293031323334353938394041424344454647484950515253545556575859636263646566676869707172737475767778798081828685868788899091929394959610099100101102103104105106107108109110111112113114115116117118119120121122123124125126127128129130131132133134135136137138139140141142143144
543456789101112131415161718192021222324252627323031323334353641394041424344454647484950515253545556575859606563646566676869707172737475767778798081828388868788899091929394959697102100101102103104105106107108109110111112113114115116117118119120121122123124125126127128129130131132133134135136137138139140141142143144145
6545678910111213141516171819202122232425262728343132333435363743404142434445464748495051525354555657585960616764656667686970717273747576777879808182838490878889909192939495969798104101102103104105106107108109110111112113114115116117118119120121122123124125126127128129130131132133134135136137138139140141142143144145146
76567891011121314151617181920212223242526272829363233343536373845414243444546474849505152535455565758596061626965666768697071727374757677787980818283848592888990919293949596979899106102103104105106107108109110111112113114115116117118119120121122123124125126127128129130131132133134135136137138139140141142143144145146147
8767891011121314151617181920212223242526272829303833343536373839474243444546474849505152535455565758596061626371666768697071727374757677787980818283848586948990919293949596979899100108103104105106107108109110111112113114115116117118119120121122123124125126127128129130131132133134135136137138139140141142143144145146147148
987891011121314151617181920212223242526272829303140343536373839404943444546474849505152535455565758596061626364736768697071727374757677787980818283848586879690919293949596979899100101110104105106107108109110111112113114115116117118119120121122123124125126127128129130131132133134135136137138139140141142143144145146147148149
109891011121314151617181920212223242526272829303132423536373839404151444546474849505152535455565758596061626364657568697071727374757677787980818283848586878898919293949596979899100101102112105106107108109110111112113114115116117118119120121122123124125126127128129130131132133134135136137138139140141142143144145146147148149150
1110910111213141516171819202122232425262728293031323344363738394041425345464748495051525354555657585960616263646566776970717273747576777879808182838485868788891009293949596979899100101102103114106107108109110111112113114115116117118119120121122123124125126127128129130131132133134135136137138139140141142143144145146147148149150151
121110111213141516171819202122232425262728293031323334463738394041424355464748495051525354555657585960616263646566677970717273747576777879808182838485868788899010293949596979899100101102103104116107108109110111112113114115116117118119120121122123124125126127128129130131132133134135136137138139140141142143144145146147148149150151152
1312111213141516171819202122232425262728293031323334354838394041424344574748495051525354555657585960616263646566676881717273747576777879808182838485868788899091104949596979899100101102103104105118108109110111112113114115116117118119120121122123124125126127128129130131132133134135136137138139140141142143144145146147148149150151152153
14131213141516171819202122232425262728293031323334353650394041424344455948495051525354555657585960616263646566676869837273747576777879808182838485868788899091921069596979899100101102103104105106120109110111112113114115116117118119120121122123124125126127128129130131132133134135136137138139140141142143144145146147148149150151152153154
151413141516171819202122232425262728293031323334353637524041424344454661495051525354555657585960616263646566676869708573747576777879808182838485868788899091929310896979899100101102103104105106107122110111112113114115116117118119120121122123124125126127128129130131132133134135136137138139140141142143144145146147148149150151152153154155
1615141516171819202122232425262728293031323334353637385441424344454647635051525354555657585960616263646566676869707187747576777879808182838485868788899091929394110979899100101102103104105106107108124111112113114115116117118119120121122123124125126127128129130131132133134135136137138139140141142143144145146147148149150151152153154155156
17161516171819202122232425262728293031323334353637383956424344454647486551525354555657585960616263646566676869707172897576777879808182838485868788899091929394951129899100101102103104105106107108109126112113114115116117118119120121122123124125126127128129130131132133134135136137138139140141142143144145146147148149150151152153154155156157
181716171819202122232425262728293031323334353637383940584344454647484967525354555657585960616263646566676869707172739176777879808182838485868788899091929394959611499100101102103104105106107108109110128113114115116117118119120121122123124125126127128129130131132133134135136137138139140141142143144145146147148149150151152153154155156157158
1918171819202122232425262728293031323334353637383940416044454647484950695354555657585960616263646566676869707172737493777879808182838485868788899091929394959697116100101102103104105106107108109110111130114115116117118119120121122123124125126127128129130131132133134135136137138139140141142143144145146147148149150151152153154155156157158159
2019181920212223242526272829303132333435363738394041426245464748495051715455565758596061626364656667686970717273747595787980818283848586878889909192939495969798118101102103104105106107108109110111112132115116117118119120121122123124125126127128129130131132133134135136137138139140141142143144145146147148149150151152153154155156157158159160
2120192021222324252627282930313233343536373839404142436446474849505152735556575859606162636465666768697071727374757697798081828384858687888990919293949596979899120102103104105106107108109110111112113134116117118119120121122123124125126127128129130131132133134135136137138139140141142143144145146147148149150151152153154155156157158159160161
22212021222324252627282930313233343536373839404142434466474849505152537556575859606162636465666768697071727374757677998081828384858687888990919293949596979899100122103104105106107108109110111112113114136117118119120121122123124125126127128129130131132133134135136137138139140141142143144145146147148149150151152153154155156157158159160161162
2322212223242526272829303132333435363738394041424344456848495051525354775758596061626364656667686970717273747576777810181828384858687888990919293949596979899100101124104105106107108109110111112113114115138118119120121122123124125126127128129130131132133134135136137138139140141142143144145146147148149150151152153154155156157158159160161162163
24232223242526272829303132333435363738394041424344454670495051525354557958596061626364656667686970717273747576777879103828384858687888990919293949596979899100101102126105106107108109110111112113114115116140119120121122123124125126127128129130131132133134135136137138139140141142143144145146147148149150151152153154155156157158159160161162163164
252423242526272829303132333435363738394041424344454647725051525354555681596061626364656667686970717273747576777879801058384858687888990919293949596979899100101102103128106107108109110111112113114115116117142120121122123124125126127128129130131132133134135136137138139140141142143144145146147148149150151152153154155156157158159160161162163164165
2625242526272829303132333435363738394041424344454647487451525354555657836061626364656667686970717273747576777879808110784858687888990919293949596979899100101102103104130107108109110111112113114115116117118144121122123124125126127128129130131132133134135136137138139140141142143144145146147148149150151152153154155156157158159160161162163164165166
27262526272829303132333435363738394041424344454647484976525354555657588561626364656667686970717273747576777879808182109858687888990919293949596979899100101102103104105132108109110111112113114115116117118119146122123124125126127128129130131132133134135136137138139140141142143144145146147148149150151152153154155156157158159160161162163164165166167
282726272829303132333435363738394041424344454647484950785354555657585987626364656667686970717273747576777879808182831118687888990919293949596979899100101102103104105106134109110111112113114115116117118119120148123124125126127128129130131132133134135136137138139140141142143144145146147148149150151152153154155156157158159160161162163164165166167168
2928272829303132333435363738394041424344454647484950518054555657585960896364656667686970717273747576777879808182838411387888990919293949596979899100101102103104105106107136110111112113114115116117118119120121150124125126127128129130131132133134135136137138139140141142143144145146147148149150151152153154155156157158159160161162163164165166167168169
30292829303132333435363738394041424344454647484950515282555657585960619164656667686970717273747576777879808182838485115888990919293949596979899100101102103104105106107108138111112113114115116117118119120121122152125126127128129130131132133134135136137138139140141142143144145146147148149150151152153154155156157158159160161162163164165166167168169170
313029303132333435363738394041424344454647484950515253845657585960616293656667686970717273747576777879808182838485861178990919293949596979899100101102103104105106107108109140112113114115116117118119120121122123154126127128129130131132133134135136137138139140141142143144145146147148149150151152153154155156157158159160161162163164165166167168169170171
3231303132333435363738394041424344454647484950515253548657585960616263956667686970717273747576777879808182838485868711990919293949596979899100101102103104105106107108109110142113114115116117118119120121122123124156127128129130131132133134135136137138139140141142143144145146147148149150151152153154155156157158159160161162163164165166167168169170171172
33323132333435363738394041424344454647484950515253545588585960616263649767686970717273747576777879808182838485868788121919293949596979899100101102103104105106107108109110111144114115116117118119120121122123124125158128129130131132133134135136137138139140141142143144145146147148149150151152153154155156157158159160161162163164165166167168169170171172173
343332333435363738394041424344454647484950515253545556905960616263646599686970717273747576777879808182838485868788891239293949596979899100101102103104105106107108109110111112146115116117118119120121122123124125126160129130131132133134135136137138139140141142143144145146147148149150151152153154155156157158159160161162163164165166167168169170171172173174
383634353637383940414243444546474849505152535455565758936162636465666710270717273747576777879808182838485868788899091126949596979899100101102103104105106107108109110111112113114149117118119120121122123124125126127128163131132133134135136137138139140141142143144145146147148149150151152153154155156157158159160161162163164165166167168169170171172173174175176
3736353637383940414243444546474849505152535455565758599562636465666768104717273747576777879808182838485868788899091921289596979899100101102103104105106107108109110111112113114115151118119120121122123124125126127128129165132133134135136137138139140141142143144145146147148149150151152153154155156157158159160161162163164165166167168169170171172173174175176177
38373637383940414243444546474849505152535455565758596097636465666768691067273747576777879808182838485868788899091929313096979899100101102103104105106107108109110111112113114115116153119120121122123124125126127128129130167133134135136137138139140141142143144145146147148149150151152153154155156157158159160161162163164165166167168169170171172173174175176177178
42403839404142434445464748495051525354555657585960616210065666768697071109747576777879808182838485868788899091929394951339899100101102103104105106107108109110111112113114115116117118156121122123124125126127128129130131132170135136137138139140141142143144145146147148149150151152153154155156157158159160161162163164165166167168169170171172173174175176177178179180
414039404142434445464748495051525354555657585960616263102666768697071721117576777879808182838485868788899091929394959613599100101102103104105106107108109110111112113114115116117118119158122123124125126127128129130131132133172136137138139140141142143144145146147148149150151152153154155156157158159160161162163164165166167168169170171172173174175176177178179180181
4241404142434445464748495051525354555657585960616263641046768697071727311376777879808182838485868788899091929394959697137100101102103104105106107108109110111112113114115116117118119120160123124125126127128129130131132133134174137138139140141142143144145146147148149150151152153154155156157158159160161162163164165166167168169170171172173174175176177178179180181182
4342414243444546474849505152535455565758596061626364651066869707172737411577787980818283848586878889909192939495969798139101102103104105106107108109110111112113114115116117118119120121162124125126127128129130131132133134135176138139140141142143144145146147148149150151152153154155156157158159160161162163164165166167168169170171172173174175176177178179180181182183
4443424344454647484950515253545556575859606162636465661086970717273747511778798081828384858687888990919293949596979899141102103104105106107108109110111112113114115116117118119120121122164125126127128129130131132133134135136178139140141142143144145146147148149150151152153154155156157158159160161162163164165166167168169170171172173174175176177178179180181182183184
45444344454647484950515253545556575859606162636465666711070717273747576119798081828384858687888990919293949596979899100143103104105106107108109110111112113114115116117118119120121122123166126127128129130131132133134135136137180140141142143144145146147148149150151152153154155156157158159160161162163164165166167168169170171172173174175176177178179180181182183184185
464544454647484950515253545556575859606162636465666768112717273747576771218081828384858687888990919293949596979899100101145104105106107108109110111112113114115116117118119120121122123124168127128129130131132133134135136137138182141142143144145146147148149150151152153154155156157158159160161162163164165166167168169170171172173174175176177178179180181182183184185186
4746454647484950515253545556575859606162636465666768691147273747576777812381828384858687888990919293949596979899100101102147105106107108109110111112113114115116117118119120121122123124125170128129130131132133134135136137138139184142143144145146147148149150151152153154155156157158159160161162163164165166167168169170171172173174175176177178179180181182183184185186187
48474647484950515253545556575859606162636465666768697011673747576777879125828384858687888990919293949596979899100101102103149106107108109110111112113114115116117118119120121122123124125126172129130131132133134135136137138139140186143144145146147148149150151152153154155156157158159160161162163164165166167168169170171172173174175176177178179180181182183184185186187188
494847484950515253545556575859606162636465666768697071118747576777879801278384858687888990919293949596979899100101102103104151107108109110111112113114115116117118119120121122123124125126127174130131132133134135136137138139140141188144145146147148149150151152153154155156157158159160161162163164165166167168169170171172173174175176177178179180181182183184185186187188189
5049484950515253545556575859606162636465666768697071721207576777879808112984858687888990919293949596979899100101102103104105153108109110111112113114115116117118119120121122123124125126127128176131132133134135136137138139140141142190145146147148149150151152153154155156157158159160161162163164165166167168169170171172173174175176177178179180181182183184185186187188189190
51504950515253545556575859606162636465666768697071727312276777879808182131858687888990919293949596979899100101102103104105106155109110111112113114115116117118119120121122123124125126127128129178132133134135136137138139140141142143192146147148149150151152153154155156157158159160161162163164165166167168169170171172173174175176177178179180181182183184185186187188189190191
525150515253545556575859606162636465666768697071727374124777879808182831338687888990919293949596979899100101102103104105106107157110111112113114115116117118119120121122123124125126127128129130180133134135136137138139140141142143144194147148149150151152153154155156157158159160161162163164165166167168169170171172173174175176177178179180181182183184185186187188189190191192
5352515253545556575859606162636465666768697071727374751267879808182838413587888990919293949596979899100101102103104105106107108159111112113114115116117118119120121122123124125126127128129130131182134135136137138139140141142143144145196148149150151152153154155156157158159160161162163164165166167168169170171172173174175176177178179180181182183184185186187188189190191192193
54535253545556575859606162636465666768697071727374757612879808182838485137888990919293949596979899100101102103104105106107108109161112113114115116117118119120121122123124125126127128129130131132184135136137138139140141142143144145146198149150151152153154155156157158159160161162163164165166167168169170171172173174175176177178179180181182183184185186187188189190191192193194
555453545556575859606162636465666768697071727374757677130808182838485861398990919293949596979899100101102103104105106107108109110163113114115116117118119120121122123124125126127128129130131132133186136137138139140141142143144145146147200150151152153154155156157158159160161162163164165166167168169170171172173174175176177178179180181182183184185186187188189190191192193194195
5655545556575859606162636465666768697071727374757677781328182838485868714190919293949596979899100101102103104105106107108109110111165114115116117118119120121122123124125126127128129130131132133134188137138139140141142143144145146147148202151152153154155156157158159160161162163164165166167168169170171172173174175176177178179180181182183184185186187188189190191192193194195196
57565556575859606162636465666768697071727374757677787913482838485868788143919293949596979899100101102103104105106107108109110111112167115116117118119120121122123124125126127128129130131132133134135190138139140141142143144145146147148149204152153154155156157158159160161162163164165166167168169170171172173174175176177178179180181182183184185186187188189190191192193194195196197
6159575859606162636465666768697071727374757677787980811378485868788899014693949596979899100101102103104105106107108109110111112113114170117118119120121122123124125126127128129130131132133134135136137193140141142143144145146147148149150151207154155156157158159160161162163164165166167168169170171172173174175176177178179180181182183184185186187188189190191192193194195196197198199
60595859606162636465666768697071727374757677787980818213985868788899091148949596979899100101102103104105106107108109110111112113114115172118119120121122123124125126127128129130131132133134135136137138195141142143144145146147148149150151152209155156157158159160161162163164165166167168169170171172173174175176177178179180181182183184185186187188189190191192193194195196197198199200
616059606162636465666768697071727374757677787980818283141868788899091921509596979899100101102103104105106107108109110111112113114115116174119120121122123124125126127128129130131132133134135136137138139197142143144145146147148149150151152153211156157158159160161162163164165166167168169170171172173174175176177178179180181182183184185186187188189190191192193194195196197198199200201
6261606162636465666768697071727374757677787980818283841438788899091929315296979899100101102103104105106107108109110111112113114115116117176120121122123124125126127128129130131132133134135136137138139140199143144145146147148149150151152153154213157158159160161162163164165166167168169170171172173174175176177178179180181182183184185186187188189190191192193194195196197198199200201202
63626162636465666768697071727374757677787980818283848514588899091929394154979899100101102103104105106107108109110111112113114115116117118178121122123124125126127128129130131132133134135136137138139140141201144145146147148149150151152153154155215158159160161162163164165166167168169170171172173174175176177178179180181182183184185186187188189190191192193194195196197198199200201202203
6765636465666768697071727374757677787980818283848586871489091929394959615799100101102103104105106107108109110111112113114115116117118119120181123124125126127128129130131132133134135136137138139140141142143204146147148149150151152153154155156157218160161162163164165166167168169170171172173174175176177178179180181182183184185186187188189190191192193194195196197198199200201202203204205
66656465666768697071727374757677787980818283848586878815091929394959697159100101102103104105106107108109110111112113114115116117118119120121183124125126127128129130131132133134135136137138139140141142143144206147148149150151152153154155156157158220161162163164165166167168169170171172173174175176177178179180181182183184185186187188189190191192193194195196197198199200201202203204205206
67666566676869707172737475767778798081828384858687888915292939495969798161101102103104105106107108109110111112113114115116117118119120121122185125126127128129130131132133134135136137138139140141142143144145208148149150151152153154155156157158159222162163164165166167168169170171172173174175176177178179180181182183184185186187188189190191192193194195196197198199200201202203204205206207
68676667686970717273747576777879808182838485868788899015493949596979899163102103104105106107108109110111112113114115116117118119120121122123187126127128129130131132133134135136137138139140141142143144145146210149150151152153154155156157158159160224163164165166167168169170171172173174175176177178179180181182183184185186187188189190191192193194195196197198199200201202203204205206207208
696867686970717273747576777879808182838485868788899091156949596979899100165103104105106107108109110111112113114115116117118119120121122123124189127128129130131132133134135136137138139140141142143144145146147212150151152153154155156157158159160161226164165166167168169170171172173174175176177178179180181182183184185186187188189190191192193194195196197198199200201202203204205206207208209
7069686970717273747576777879808182838485868788899091921589596979899100101167104105106107108109110111112113114115116117118119120121122123124125191128129130131132133134135136137138139140141142143144145146147148214151152153154155156157158159160161162228165166167168169170171172173174175176177178179180181182183184185186187188189190191192193194195196197198199200201202203204205206207208209210
71706970717273747576777879808182838485868788899091929316096979899100101102169105106107108109110111112113114115116117118119120121122123124125126193129130131132133134135136137138139140141142143144145146147148149216152153154155156157158159160161162163230166167168169170171172173174175176177178179180181182183184185186187188189190191192193194195196197198199200201202203204205206207208209210211
727170717273747576777879808182838485868788899091929394162979899100101102103171106107108109110111112113114115116117118119120121122123124125126127195130131132133134135136137138139140141142143144145146147148149150218153154155156157158159160161162163164232167168169170171172173174175176177178179180181182183184185186187188189190191192193194195196197198199200201202203204205206207208209210211212
7372717273747576777879808182838485868788899091929394951649899100101102103104173107108109110111112113114115116117118119120121122123124125126127128197131132133134135136137138139140141142143144145146147148149150151220154155156157158159160161162163164165234168169170171172173174175176177178179180181182183184185186187188189190191192193194195196197198199200201202203204205206207208209210211212213
74737273747576777879808182838485868788899091929394959616699100101102103104105175108109110111112113114115116117118119120121122123124125126127128129199132133134135136137138139140141142143144145146147148149150151152222155156157158159160161162163164165166236169170171172173174175176177178179180181182183184185186187188189190191192193194195196197198199200201202203204205206207208209210211212213214
757473747576777879808182838485868788899091929394959697168100101102103104105106177109110111112113114115116117118119120121122123124125126127128129130201133134135136137138139140141142143144145146147148149150151152153224156157158159160161162163164165166167238170171172173174175176177178179180181182183184185186187188189190191192193194195196197198199200201202203204205206207208209210211212213214215
767574757677787980818283848586878889909192939495969798170101102103104105106107179110111112113114115116117118119120121122123124125126127128129130131203134135136137138139140141142143144145146147148149150151152153154226157158159160161162163164165166167168240171172173174175176177178179180181182183184185186187188189190191192193194195196197198199200201202203204205206207208209210211212213214215216
777675767778798081828384858687888990919293949596979899172102103104105106107108181111112113114115116117118119120121122123124125126127128129130131132205135136137138139140141142143144145146147148149150151152153154155228158159160161162163164165166167168169242172173174175176177178179180181182183184185186187188189190191192193194195196197198199200201202203204205206207208209210211212213214215216217
7877767778798081828384858687888990919293949596979899100174103104105106107108109183112113114115116117118119120121122123124125126127128129130131132133207136137138139140141142143144145146147148149150151152153154155156230159160161162163164165166167168169170244173174175176177178179180181182183184185186187188189190191192193194195196197198199200201202203204205206207208209210211212213214215216217218
79787778798081828384858687888990919293949596979899100101176104105106107108109110185113114115116117118119120121122123124125126127128129130131132133134209137138139140141142143144145146147148149150151152153154155156157232160161162163164165166167168169170171246174175176177178179180181182183184185186187188189190191192193194195196197198199200201202203204205206207208209210211212213214215216217218219
807978798081828384858687888990919293949596979899100101102178105106107108109110111187114115116117118119120121122123124125126127128129130131132133134135211138139140141142143144145146147148149150151152153154155156157158234161162163164165166167168169170171172248175176177178179180181182183184185186187188189190191192193194195196197198199200201202203204205206207208209210211212213214215216217218219220
8180798081828384858687888990919293949596979899100101102103180106107108109110111112189115116117118119120121122123124125126127128129130131132133134135136213139140141142143144145146147148149150151152153154155156157158159236162163164165166167168169170171172173250176177178179180181182183184185186187188189190191192193194195196197198199200201202203204205206207208209210211212213214215216217218219220221
82818081828384858687888990919293949596979899100101102103104182107108109110111112113191116117118119120121122123124125126127128129130131132133134135136137215140141142143144145146147148149150151152153154155156157158159160238163164165166167168169170171172173174252177178179180181182183184185186187188189190191192193194195196197198199200201202203204205206207208209210211212213214215216217218219220221222
838281828384858687888990919293949596979899100101102103104105184108109110111112113114193117118119120121122123124125126127128129130131132133134135136137138217141142143144145146147148149150151152153154155156157158159160161240164165166167168169170171172173174175254178179180181182183184185186187188189190191192193194195196197198199200201202203204205206207208209210211212213214215216217218219220221222223
8483828384858687888990919293949596979899100101102103104105106186109110111112113114115195118119120121122123124125126127128129130131132133134135136137138139219142143144145146147148149150151152153154155156157158159160161162242165166167168169170171172173174175176256179180181182183184185186187188189190191192193194195196197198199200201202203204205206207208209210211212213214215216217218219220221222223224
85848384858687888990919293949596979899100101102103104105106107188110111112113114115116197119120121122123124125126127128129130131132133134135136137138139140221143144145146147148149150151152153154155156157158159160161162163244166167168169170171172173174175176177258180181182183184185186187188189190191192193194195196197198199200201202203204205206207208209210211212213214215216217218219220221222223224225
868584858687888990919293949596979899100101102103104105106107108190111112113114115116117199120121122123124125126127128129130131132133134135136137138139140141223144145146147148149150151152153154155156157158159160161162163164246167168169170171172173174175176177178260181182183184185186187188189190191192193194195196197198199200201202203204205206207208209210211212213214215216217218219220221222223224225226
90888687888990919293949596979899100101102103104105106107108109110193113114115116117118119202122123124125126127128129130131132133134135136137138139140141142143226146147148149150151152153154155156157158159160161162163164165166249169170171172173174175176177178179180263183184185186187188189190191192193194195196197198199200201202203204205206207208209210211212213214215216217218219220221222223224225226227228
898887888990919293949596979899100101102103104105106107108109110111195114115116117118119120204123124125126127128129130131132133134135136137138139140141142143144228147148149150151152153154155156157158159160161162163164165166167251170171172173174175176177178179180181265184185186187188189190191192193194195196197198199200201202203204205206207208209210211212213214215216217218219220221222223224225226227228229
9089888990919293949596979899100101102103104105106107108109110111112197115116117118119120121206124125126127128129130131132133134135136137138139140141142143144145230148149150151152153154155156157158159160161162163164165166167168253171172173174175176177178179180181182267185186187188189190191192193194195196197198199200201202203204205206207208209210211212213214215216217218219220221222223224225226227228229230
91908990919293949596979899100101102103104105106107108109110111112113199116117118119120121122208125126127128129130131132133134135136137138139140141142143144145146232149150151152153154155156157158159160161162163164165166167168169255172173174175176177178179180181182183269186187188189190191192193194195196197198199200201202203204205206207208209210211212213214215216217218219220221222223224225226227228229230231
929190919293949596979899100101102103104105106107108109110111112113114201117118119120121122123210126127128129130131132133134135136137138139140141142143144145146147234150151152153154155156157158159160161162163164165166167168169170257173174175176177178179180181182183184271187188189190191192193194195196197198199200201202203204205206207208209210211212213214215216217218219220221222223224225226227228229230231232
9392919293949596979899100101102103104105106107108109110111112113114115203118119120121122123124212127128129130131132133134135136137138139140141142143144145146147148236151152153154155156157158159160161162163164165166167168169170171259174175176177178179180181182183184185273188189190191192193194195196197198199200201202203204205206207208209210211212213214215216217218219220221222223224225226227228229230231232233
94939293949596979899100101102103104105106107108109110111112113114115116205119120121122123124125214128129130131132133134135136137138139140141142143144145146147148149238152153154155156157158159160161162163164165166167168169170171172261175176177178179180181182183184185186275189190191192193194195196197198199200201202203204205206207208209210211212213214215216217218219220221222223224225226227228229230231232233234
959493949596979899100101102103104105106107108109110111112113114115116117207120121122123124125126216129130131132133134135136137138139140141142143144145146147148149150240153154155156157158159160161162163164165166167168169170171172173263176177178179180181182183184185186187277190191192193194195196197198199200201202203204205206207208209210211212213214215216217218219220221222223224225226227228229230231232233234235
9695949596979899100101102103104105106107108109110111112113114115116117118209121122123124125126127218130131132133134135136137138139140141142143144145146147148149150151242154155156157158159160161162163164165166167168169170171172173174265177178179180181182183184185186187188279191192193194195196197198199200201202203204205206207208209210211212213214215216217218219220221222223224225226227228229230231232233234235236
97969596979899100101102103104105106107108109110111112113114115116117118119211122123124125126127128220131132133134135136137138139140141142143144145146147148149150151152244155156157158159160161162163164165166167168169170171172173174175267178179180181182183184185186187188189281192193194195196197198199200201202203204205206207208209210211212213214215216217218219220221222223224225226227228229230231232233234235236237
989796979899100101102103104105106107108109110111112113114115116117118119120213123124125126127128129222132133134135136137138139140141142143144145146147148149150151152153246156157158159160161162163164165166167168169170171172173174175176269179180181182183184185186187188189190283193194195196197198199200201202203204205206207208209210211212213214215216217218219220221222223224225226227228229230231232233234235236237238
9998979899100101102103104105106107108109110111112113114115116117118119120121215124125126127128129130224133134135136137138139140141142143144145146147148149150151152153154248157158159160161162163164165166167168169170171172173174175176177271180181182183184185186187188189190191285194195196197198199200201202203204205206207208209210211212213214215216217218219220221222223224225226227228229230231232233234235236237238239
100999899100101102103104105106107108109110111112113114115116117118119120121122217125126127128129130131226134135136137138139140141142143144145146147148149150151152153154155250158159160161162163164165166167168169170171172173174175176177178273181182183184185186187188189190191192287195196197198199200201202203204205206207208209210211212213214215216217218219220221222223224225226227228229230231232233234235236237238239240
10110099100101102103104105106107108109110111112113114115116117118119120121122123219126127128129130131132228135136137138139140141142143144145146147148149150151152153154155156252159160161162163164165166167168169170171172173174175176177178179275182183184185186187188189190191192193289196197198199200201202203204205206207208209210211212213214215216217218219220221222223224225226227228229230231232233234235236237238239240241
102101100101102103104105106107108109110111112113114115116117118119120121122123124221127128129130131132133230136137138139140141142143144145146147148149150151152153154155156157254160161162163164165166167168169170171172173174175176177178179180277183184185186187188189190191192193194291197198199200201202203204205206207208209210211212213214215216217218219220221222223224225226227228229230231232233234235236237238239240241242
103102101102103104105106107108109110111112113114115116117118119120121122123124125223128129130131132133134232137138139140141142143144145146147148149150151152153154155156157158256161162163164165166167168169170171172173174175176177178179180181279184185186187188189190191192193194195293198199200201202203204205206207208209210211212213214215216217218219220221222223224225226227228229230231232233234235236237238239240241242243
104103102103104105106107108109110111112113114115116117118119120121122123124125126225129130131132133134135234138139140141142143144145146147148149150151152153154155156157158159258162163164165166167168169170171172173174175176177178179180181182281185186187188189190191192193194195196295199200201202203204205206207208209210211212213214215216217218219220221222223224225226227228229230231232233234235236237238239240241242243244
105104103104105106107108109110111112113114115116117118119120121122123124125126127227130131132133134135136236139140141142143144145146147148149150151152153154155156157158159160260163164165166167168169170171172173174175176177178179180181182183283186187188189190191192193194195196197297200201202203204205206207208209210211212213214215216217218219220221222223224225226227228229230231232233234235236237238239240241242243244245
106105104105106107108109110111112113114115116117118119120121122123124125126127128229131132133134135136137238140141142143144145146147148149150151152153154155156157158159160161262164165166167168169170171172173174175176177178179180181182183184285187188189190191192193194195196197198299201202203204205206207208209210211212213214215216217218219220221222223224225226227228229230231232233234235236237238239240241242243244245246
107106105106107108109110111112113114115116117118119120121122123124125126127128129231132133134135136137138240141142143144145146147148149150151152153154155156157158159160161162264165166167168169170171172173174175176177178179180181182183184185287188189190191192193194195196197198199301202203204205206207208209210211212213214215216217218219220221222223224225226227228229230231232233234235236237238239240241242243244245246247
108107106107108109110111112113114115116117118119120121122123124125126127128129130233133134135136137138139242142143144145146147148149150151152153154155156157158159160161162163266166167168169170171172173174175176177178179180181182183184185186289189190191192193194195196197198199200303203204205206207208209210211212213214215216217218219220221222223224225226227228229230231232233234235236237238239240241242243244245246247248
109108107108109110111112113114115116117118119120121122123124125126127128129130131235134135136137138139140244143144145146147148149150151152153154155156157158159160161162163164268167168169170171172173174175176177178179180181182183184185186187291190191192193194195196197198199200201305204205206207208209210211212213214215216217218219220221222223224225226227228229230231232233234235236237238239240241242243244245246247248249
110109108109110111112113114115116117118119120121122123124125126127128129130131132237135136137138139140141246144145146147148149150151152153154155156157158159160161162163164165270168169170171172173174175176177178179180181182183184185186187188293191192193194195196197198199200201202307205206207208209210211212213214215216217218219220221222223224225226227228229230231232233234235236237238239240241242243244245246247248249250
111110109110111112113114115116117118119120121122123124125126127128129130131132133239136137138139140141142248145146147148149150151152153154155156157158159160161162163164165166272169170171172173174175176177178179180181182183184185186187188189295192193194195196197198199200201202203309206207208209210211212213214215216217218219220221222223224225226227228229230231232233234235236237238239240241242243244245246247248249250251
112111110111112113114115116117118119120121122123124125126127128129130131132133134241137138139140141142143250146147148149150151152153154155156157158159160161162163164165166167274170171172173174175176177178179180181182183184185186187188189190297193194195196197198199200201202203204311207208209210211212213214215216217218219220221222223224225226227228229230231232233234235236237238239240241242243244245246247248249250251252
113112111112113114115116117118119120121122123124125126127128129130131132133134135243138139140141142143144252147148149150151152153154155156157158159160161162163164165166167168276171172173174175176177178179180181182183184185186187188189190191299194195196197198199200201202203204205313208209210211212213214215216217218219220221222223224225226227228229230231232233234235236237238239240241242243244245246247248249250251252253
114113112113114115116117118119120121122123124125126127128129130131132133134135136245139140141142143144145254148149150151152153154155156157158159160161162163164165166167168169278172173174175176177178179180181182183184185186187188189190191192301195196197198199200201202203204205206315209210211212213214215216217218219220221222223224225226227228229230231232233234235236237238239240241242243244245246247248249250251252253254
115114113114115116117118119120121122123124125126127128129130131132133134135136137247140141142143144145146256149150151152153154155156157158159160161162163164165166167168169170280173174175176177178179180181182183184185186187188189190191192193303196197198199200201202203204205206207317210211212213214215216217218219220221222223224225226227228229230231232233234235236237238239240241242243244245246247248249250251252253254255
116115114115116117118119120121122123124125126127128129130131132133134135136137138249141142143144145146147258150151152153154155156157158159160161162163164165166167168169170171282174175176177178179180181182183184185186187188189190191192193194305197198199200201202203204205206207208319211212213214215216217218219220221222223224225226227228229230231232233234235236237238239240241242243244245246247248249250251252253254255256
117116115116117118119120121122123124125126127128129130131132133134135136137138139251142143144145146147148260151152153154155156157158159160161162163164165166167168169170171172284175176177178179180181182183184185186187188189190191192193194195307198199200201202203204205206207208209321212213214215216217218219220221222223224225226227228229230231232233234235236237238239240241242243244245246247248249250251252253254255256257
118117116117118119120121122123124125126127128129130131132133134135136137138139140253143144145146147148149262152153154155156157158159160161162163164165166167168169170171172173286176177178179180181182183184185186187188189190191192193194195196309199200201202203204205206207208209210323213214215216217218219220221222223224225226227228229230231232233234235236237238239240241242243244245246247248249250251252253254255256257258
119118117118119120121122123124125126127128129130131132133134135136137138139140141255144145146147148149150264153154155156157158159160161162163164165166167168169170171172173174288177178179180181182183184185186187188189190191192193194195196197311200201202203204205206207208209210211325214215216217218219220221222223224225226227228229230231232233234235236237238239240241242243244245246247248249250251252253254255256257258259
120119118119120121122123124125126127128129130131132133134135136137138139140141142257145146147148149150151266154155156157158159160161162163164165166167168169170171172173174175290178179180181182183184185186187188189190191192193194195196197198313201202203204205206207208209210211212327215216217218219220221222223224225226227228229230231232233234235236237238239240241242243244245246247248249250251252253254255256257258259260
121120119120121122123124125126127128129130131132133134135136137138139140141142143259146147148149150151152268155156157158159160161162163164165166167168169170171172173174175176292179180181182183184185186187188189190191192193194195196197198199315202203204205206207208209210211212213329216217218219220221222223224225226227228229230231232233234235236237238239240241242243244245246247248249250251252253254255256257258259260261
122121120121122123124125126127128129130131132133134135136137138139140141142143144261147148149150151152153270156157158159160161162163164165166167168169170171172173174175176177294180181182183184185186187188189190191192193194195196197198199200317203204205206207208209210211212213214331217218219220221222223224225226227228229230231232233234235236237238239240241242243244245246247248249250251252253254255256257258259260261262
123122121122123124125126127128129130131132133134135136137138139140141142143144145263148149150151152153154272157158159160161162163164165166167168169170171172173174175176177178296181182183184185186187188189190191192193194195196197198199200201319204205206207208209210211212213214215333218219220221222223224225226227228229230231232233234235236237238239240241242243244245246247248249250251252253254255256257258259260261262263
124123122123124125126127128129130131132133134135136137138139140141142143144145146265149150151152153154155274158159160161162163164165166167168169170171172173174175176177178179298182183184185186187188189190191192193194195196197198199200201202321205206207208209210211212213214215216335219220221222223224225226227228229230231232233234235236237238239240241242243244245246247248249250251252253254255256257258259260261262263264
125124123124125126127128129130131132133134135136137138139140141142143144145146147267150151152153154155156276159160161162163164165166167168169170171172173174175176177178179180300183184185186187188189190191192193194195196197198199200201202203323206207208209210211212213214215216217337220221222223224225226227228229230231232233234235236237238239240241242243244245246247248249250251252253254255256257258259260261262263264265
126125124125126127128129130131132133134135136137138139140141142143144145146147148269151152153154155156157278160161162163164165166167168169170171172173174175176177178179180181302184185186187188189190191192193194195196197198199200201202203204325207208209210211212213214215216217218339221222223224225226227228229230231232233234235236237238239240241242243244245246247248249250251252253254255256257258259260261262263264265266
127126125126127128129130131132133134135136137138139140141142143144145146147148149271152153154155156157158280161162163164165166167168169170171172173174175176177178179180181182304185186187188189190191192193194195196197198199200201202203204205327208209210211212213214215216217218219341222223224225226227228229230231232233234235236237238239240241242243244245246247248249250251252253254255256257258259260261262263264265266267
128127126127128129130131132133134135136137138139140141142143144145146147148149150273153154155156157158159282162163164165166167168169170171172173174175176177178179180181182183306186187188189190191192193194195196197198199200201202203204205206329209210211212213214215216217218219220343223224225226227228229230231232233234235236237238239240241242243244245246247248249250251252253254255256257258259260261262263264265266267268
129128127128129130131132133134135136137138139140141142143144145146147148149150151275154155156157158159160284163164165166167168169170171172173174175176177178179180181182183184308187188189190191192193194195196197198199200201202203204205206207331210211212213214215216217218219220221345224225226227228229230231232233234235236237238239240241242243244245246247248249250251252253254255256257258259260261262263264265266267268269
130129128129130131132133134135136137138139140141142143144145146147148149150151152277155156157158159160161286164165166167168169170171172173174175176177178179180181182183184185310188189190191192193194195196197198199200201202203204205206207208333211212213214215216217218219220221222347225226227228229230231232233234235236237238239240241242243244245246247248249250251252253254255256257258259260261262263264265266267268269270
131130129130131132133134135136137138139140141142143144145146147148149150151152153279156157158159160161162288165166167168169170171172173174175176177178179180181182183184185186312189190191192193194195196197198199200201202203204205206207208209335212213214215216217218219220221222223349226227228229230231232233234235236237238239240241242243244245246247248249250251252253254255256257258259260261262263264265266267268269270271
132131130131132133134135136137138139140141142143144145146147148149150151152153154281157158159160161162163290166167168169170171172173174175176177178179180181182183184185186187314190191192193194195196197198199200201202203204205206207208209210337213214215216217218219220221222223224351227228229230231232233234235236237238239240241242243244245246247248249250251252253254255256257258259260261262263264265266267268269270271272
133132131132133134135136137138139140141142143144145146147148149150151152153154155283158159160161162163164292167168169170171172173174175176177178179180181182183184185186187188316191192193194195196197198199200201202203204205206207208209210211339214215216217218219220221222223224225353228229230231232233234235236237238239240241242243244245246247248249250251252253254255256257258259260261262263264265266267268269270271272273
134133132133134135136137138139140141142143144145146147148149150151152153154155156285159160161162163164165294168169170171172173174175176177178179180181182183184185186187188189318192193194195196197198199200201202203204205206207208209210211212341215216217218219220221222223224225226355229230231232233234235236237238239240241242243244245246247248249250251252253254255256257258259260261262263264265266267268269270271272273274
135134133134135136137138139140141142143144145146147148149150151152153154155156157287160161162163164165166296169170171172173174175176177178179180181182183184185186187188189190320193194195196197198199200201202203204205206207208209210211212213343216217218219220221222223224225226227357230231232233234235236237238239240241242243244245246247248249250251252253254255256257258259260261262263264265266267268269270271272273274275
136135134135136137138139140141142143144145146147148149150151152153154155156157158289161162163164165166167298170171172173174175176177178179180181182183184185186187188189190191322194195196197198199200201202203204205206207208209210211212213214345217218219220221222223224225226227228359231232233234235236237238239240241242243244245246247248249250251252253254255256257258259260261262263264265266267268269270271272273274275276
137136135136137138139140141142143144145146147148149150151152153154155156157158159291162163164165166167168300171172173174175176177178179180181182183184185186187188189190191192324195196197198199200201202203204205206207208209210211212213214215347218219220221222223224225226227228229361232233234235236237238239240241242243244245246247248249250251252253254255256257258259260261262263264265266267268269270271272273274275276277
138137136137138139140141142143144145146147148149150151152153154155156157158159160293163164165166167168169302172173174175176177178179180181182183184185186187188189190191192193326196197198199200201202203204205206207208209210211212213214215216349219220221222223224225226227228229230363233234235236237238239240241242243244245246247248249250251252253254255256257258259260261262263264265266267268269270271272273274275276277278
139138137138139140141142143144145146147148149150151152153154155156157158159160161295164165166167168169170304173174175176177178179180181182183184185186187188189190191192193194328197198199200201202203204205206207208209210211212213214215216217351220221222223224225226227228229230231365234235236237238239240241242243244245246247248249250251252253254255256257258259260261262263264265266267268269270271272273274275276277278279
140139138139140141142143144145146147148149150151152153154155156157158159160161162297165166167168169170171306174175176177178179180181182183184185186187188189190191192193194195330198199200201202203204205206207208209210211212213214215216217218353221222223224225226227228229230231232367235236237238239240241242243244245246247248249250251252253254255256257258259260261262263264265266267268269270271272273274275276277278279280
141140139140141142143144145146147148149150151152153154155156157158159160161162163299166167168169170171172308175176177178179180181182183184185186187188189190191192193194195196332199200201202203204205206207208209210211212213214215216217218219355222223224225226227228229230231232233369236237238239240241242243244245246247248249250251252253254255256257258259260261262263264265266267268269270271272273274275276277278279280281
142141140141142143144145146147148149150151152153154155156157158159160161162163164301167168169170171172173310176177178179180181182183184185186187188189190191192193194195196197334200201202203204205206207208209210211212213214215216217218219220357223224225226227228229230231232233234371237238239240241242243244245246247248249250251252253254255256257258259260261262263264265266267268269270271272273274275276277278279280281282
143142141142143144145146147148149150151152153154155156157158159160161162163164165303168169170171172173174312177178179180181182183184185186187188189190191192193194195196197198336201202203204205206207208209210211212213214215216217218219220221359224225226227228229230231232233234235373238239240241242243244245246247248249250251252253254255256257258259260261262263264265266267268269270271272273274275276277278279280281282283
144143142143144145146147148149150151152153154155156157158159160161162163164165166305169170171172173174175314178179180181182183184185186187188189190191192193194195196197198199338202203204205206207208209210211212213214215216217218219220221222361225226227228229230231232233234235236375239240241242243244245246247248249250251252253254255256257258259260261262263264265266267268269270271272273274275276277278279280281282283284
145144143144145146147148149150151152153154155156157158159160161162163164165166167307170171172173174175176316179180181182183184185186187188189190191192193194195196197198199200340203204205206207208209210211212213214215216217218219220221222223363226227228229230231232233234235236237377240241242243244245246247248249250251252253254255256257258259260261262263264265266267268269270271272273274275276277278279280281282283284285
