89888786858483828180797877767574737271706968676665646362605958575655545351504948474645444342414039383736353433323130292726252423222120191817161514131211109876432101234567910111213141516171819202122232425262728293031323334353637383940414243444546474849505152535455
9089888786858483828180797877767574737271706968676665646361605958575655545251504948474645444342414039383736353433323130282726252423222120191817161514131211109875432123456781111121314151617181920212223242526272829303132333435363738394041424344454647484950515253545556
91908988878685848382818079787776757473727170696867666564626160595857565553525150494847464544434241403938373635343332312928272625242322212019181716151413121110986543234567891312131415161718192021222324252627282930313233343536373839404142434445464748495051525354555657
9291908988878685848382818079787776757473727170696867666563626160595857565453525150494847464544434241403938373635343332302928272625242322212019181716151413121110976543456789101513141516171819202122232425262728293031323334353637383940414243444546474849505152535455565758
939291908988878685848382818079787776757473727170696867666463626160595857555453525150494847464544434241403938373635343331302928272625242322212019181716151413121110876545678910111714151617181920212223242526272829303132333435363738394041424344454647484950515253545556575859
9493929190898887868584838281807978777675747372717069686765646362616059585655545352515049484746454443424140393837363534323130292827262524232221201918171615141312119876567891011121915161718192021222324252627282930313233343536373839404142434445464748495051525354555657585960
959493929190898887868584838281807978777675747372717069686665646362616059575655545352515049484746454443424140393837363533323130292827262524232221201918171615141312109876789101112132116171819202122232425262728293031323334353637383940414243444546474849505152535455565758596061
96959493929190898887868584838281807978777675747372717069676665646362616058575655545352515049484746454443424140393837363433323130292827262524232221201918171615141311109878910111213142317181920212223242526272829303132333435363738394041424344454647484950515253545556575859606162
9796959493929190898887868584838281807978777675747372717068676665646362615958575655545352515049484746454443424140393837353433323130292827262524232221201918171615141211109891011121314152518192021222324252627282930313233343536373839404142434445464748495051525354555657585960616263
989796959493929190898887868584838281807978777675747372716968676665646362605958575655545352515049484746454443424140393836353433323130292827262524232221201918171615131211109101112131415162719202122232425262728293031323334353637383940414243444546474849505152535455565758596061626364
9998979695949392919089888786858483828180797877767574737270696867666564636160595857565554535251504948474645444342414039373635343332313029282726252423222120191817161413121110111213141516172920212223242526272829303132333435363738394041424344454647484950515253545556575859606162636465
10099989796959493929190898887868584838281807978777675747371706968676665646261605958575655545352515049484746454443424140383736353433323130292827262524232221201918171514131211121314151617183121222324252627282930313233343536373839404142434445464748495051525354555657585960616263646566
101100999897969594939291908988878685848382818079787776757472717069686766656362616059585756555453525150494847464544434241393837363534333231302928272625242322212019181615141312131415161718193322232425262728293031323334353637383940414243444546474849505152535455565758596061626364656667
1021011009998979695949392919089888786858483828180797877767573727170696867666463626160595857565554535251504948474645444342403938373635343332313029282726252423222120191716151413141516171819203523242526272829303132333435363738394041424344454647484950515253545556575859606162636465666768
10310210110099989796959493929190898887868584838281807978777674737271706968676564636261605958575655545352515049484746454443414039383736353433323130292827262524232221201817161514151617181920213724252627282930313233343536373839404142434445464748495051525354555657585960616263646566676869
104103102101100999897969594939291908988878685848382818079787775747372717069686665646362616059585756555453525150494847464544424140393837363534333231302928272625242322211918171615161718192021223925262728293031323334353637383940414243444546474849505152535455565758596061626364656667686970
1051041031021011009998979695949392919089888786858483828180797876757473727170696766656463626160595857565554535251504948474645434241403938373635343332313029282726252423222019181716171819202122234126272829303132333435363738394041424344454647484950515253545556575859606162636465666768697071
10610510410310210110099989796959493929190898887868584838281807977767574737271706867666564636261605958575655545352515049484746444342414039383736353433323130292827262524232120191817181920212223244327282930313233343536373839404142434445464748495051525354555657585960616263646566676869707172
107106105104103102101100999897969594939291908988878685848382818078777675747372716968676665646362616059585756555453525150494847454443424140393837363534333231302928272625242221201918192021222324254528293031323334353637383940414243444546474849505152535455565758596061626364656667686970717273
1081071061051041031021011009998979695949392919089888786858483828179787776757473727069686766656463626160595857565554535251504948464544434241403938373635343332313029282726252322212019202122232425264729303132333435363738394041424344454647484950515253545556575859606162636465666768697071727374
10910810710610510410310210110099989796959493929190898887868584838280797877767574737170696867666564636261605958575655545352515049474645444342414039383736353433323130292827262423222120212223242526274930313233343536373839404142434445464748495051525354555657585960616263646566676869707172737475
110109108107106105104103102101100999897969594939291908988878685848381807978777675747271706968676665646362616059585756555453525150484746454443424140393837363534333231302928272524232221222324252627285131323334353637383940414243444546474849505152535455565758596061626364656667686970717273747576
1111101091081071061051041031021011009998979695949392919089888786858482818079787776757372717069686766656463626160595857565554535251494847464544434241403938373635343332313029282625242322232425262728295332333435363738394041424344454647484950515253545556575859606162636465666768697071727374757677
11211111010910810710610510410310210110099989796959493929190898887868583828180797877767473727170696867666564636261605958575655545352504948474645444342414039383736353433323130292726252423242526272829305533343536373839404142434445464748495051525354555657585960616263646566676869707172737475767778
113112111110109108107106105104103102101100999897969594939291908988878684838281807978777574737271706968676665646362616059585756555453515049484746454443424140393837363534333231302827262524252627282930315734353637383940414243444546474849505152535455565758596061626364656667686970717273747576777879
1141131121111101091081071061051041031021011009998979695949392919089888785848382818079787675747372717069686766656463626160595857565554525150494847464544434241403938373635343332312928272625262728293031325935363738394041424344454647484950515253545556575859606162636465666768697071727374757677787980
11511411311211111010910810710610510410310210110099989796959493929190898886858483828180797776757473727170696867666564636261605958575655535251504948474645444342414039383736353433323029282726272829303132336136373839404142434445464748495051525354555657585960616263646566676869707172737475767778798081
116115114113112111110109108107106105104103102101100999897969594939291908987868584838281807877767574737271706968676665646362616059585756545352515049484746454443424140393837363534333130292827282930313233346337383940414243444546474849505152535455565758596061626364656667686970717273747576777879808182
1171161151141131121111101091081071061051041031021011009998979695949392919088878685848382817978777675747372717069686766656463626160595857555453525150494847464544434241403938373635343231302928293031323334356538394041424344454647484950515253545556575859606162636465666768697071727374757677787980818283
11811711611511411311211111010910810710610510410310210110099989796959493929189888786858483828079787776757473727170696867666564636261605958565554535251504948474645444342414039383736353332313029303132333435366739404142434445464748495051525354555657585960616263646566676869707172737475767778798081828384
119118117116115114113112111110109108107106105104103102101100999897969594939290898887868584838180797877767574737271706968676665646362616059575655545352515049484746454443424140393837363433323130313233343536376940414243444546474849505152535455565758596061626364656667686970717273747576777879808182838485
1201191181171161151141131121111101091081071061051041031021011009998979695949391908988878685848281807978777675747372717069686766656463626160585756555453525150494847464544434241403938373534333231323334353637387141424344454647484950515253545556575859606162636465666768697071727374757677787980818283848586
12112011911811711611511411311211111010910810710610510410310210110099989796959492919089888786858382818079787776757473727170696867666564636261595857565554535251504948474645444342414039383635343332333435363738397342434445464748495051525354555657585960616263646566676869707172737475767778798081828384858687
122121120119118117116115114113112111110109108107106105104103102101100999897969593929190898887868483828180797877767574737271706968676665646362605958575655545352515049484746454443424140393736353433343536373839407543444546474849505152535455565758596061626364656667686970717273747576777879808182838485868788
2092072052032011991971951931911891871851831811791771751731711691671651631611591571551521501481461441421401381351331311291271251231211191171151131111091071051031019997959391888684828078767472706866646260585654525048464341393735363738394041427845464748495051525354555657585960616263646566676869707172737475767778798081828384858687888990
125124123122121120119118117116115114113112111110109108107106105104103102101100999896959493929190898786858483828180797877767574737271706968676665636261605958575655545352515049484746454443424039383736373839404142438046474849505152535455565758596061626364656667686970717273747576777879808182838485868788899091
1261251241231221211201191181171161151141131121111101091081071061051041031021011009997969594939291908887868584838281807978777675747372717069686766646362616059585756555453525150494847464544434140393837383940414243448247484950515253545556575859606162636465666768697071727374757677787980818283848586878889909192
213211209207205203201199197195193191189187185183181179177175173171169167165163161159156154152150148146144142139137135133131129127125123121119117115113111109107105103101999795929088868482807876747270686664626058565452504745434139404142434445468549505152535455565758596061626364656667686970717273747576777879808182838485868788899091929394
129128127126125124123122121120119118117116115114113112111110109108107106105104103102100999897969594939190898887868584838281807978777675747372717069676665646362616059585756555453525150494847464443424140414243444546478750515253545556575859606162636465666768697071727374757677787980818283848586878889909192939495
1301291281271261251241231221211201191181171161151141131121111101091081071061051041031011009998979695949291908988878685848382818079787776757473727170686766656463626160595857565554535251504948474544434241424344454647488951525354555657585960616263646566676869707172737475767778798081828384858687888990919293949596
13113012912812712612512412312212112011911811711611511411311211111010910810710610510410210110099989796959392919089888786858483828180797877767574737271696867666564636261605958575655545352515049484645444342434445464748499152535455565758596061626364656667686970717273747576777879808182838485868788899091929394959697
132131130129128127126125124123122121120119118117116115114113112111110109108107106105103102101100999897969493929190898887868584838281807978777675747372706968676665646362616059585756555453525150494746454443444546474849509353545556575859606162636465666768697071727374757677787980818283848586878889909192939495969798
1331321311301291281271261251241231221211201191181171161151141131121111101091081071061041031021011009998979594939291908988878685848382818079787776757473717069686766656463626160595857565554535251504847464544454647484950519554555657585960616263646566676869707172737475767778798081828384858687888990919293949596979899
134133132131130129128127126125124123122121120119118117116115114113112111110109108107105104103102101100999896959493929190898887868584838281807978777675747271706968676665646362616059585756555453525149484746454647484950515297555657585960616263646566676869707172737475767778798081828384858687888990919293949596979899100
13513413313213113012912812712612512412312212112011911811711611511411311211111010910810610510410310210110099979695949392919089888786858483828180797877767573727170696867666564636261605958575655545352504948474647484950515253995657585960616263646566676869707172737475767778798081828384858687888990919293949596979899100101
13613513413313213113012912812712612512412312212112011911811711611511411311211111010910710610510410310210110098979695949392919089888786858483828180797877767473727170696867666564636261605958575655545351504948474849505152535410157585960616263646566676869707172737475767778798081828384858687888990919293949596979899100101102
137136135134133132131130129128127126125124123122121120119118117116115114113112111110108107106105104103102101999897969594939291908988878685848382818079787775747372717069686766656463626160595857565554525150494849505152535455103585960616263646566676869707172737475767778798081828384858687888990919293949596979899100101102103
13813713613513413313213113012912812712612512412312212112011911811711611511411311211110910810710610510410310210099989796959493929190898887868584838281807978767574737271706968676665646362616059585756555352515049505152535455561055960616263646566676869707172737475767778798081828384858687888990919293949596979899100101102103104
1391381371361351341331321311301291281271261251241231221211201191181171161151141131121101091081071061051041031011009998979695949392919089888786858483828180797776757473727170696867666564636261605958575654535251505152535455565710760616263646566676869707172737475767778798081828384858687888990919293949596979899100101102103104105
140139138137136135134133132131130129128127126125124123122121120119118117116115114113111110109108107106105104102101100999897969594939291908988878685848382818078777675747372717069686766656463626160595857555453525152535455565758109616263646566676869707172737475767778798081828384858687888990919293949596979899100101102103104105106
14114013913813713613513413313213113012912812712612512412312212112011911811711611511411211111010910810710610510310210110099989796959493929190898887868584838281797877767574737271706968676665646362616059585655545352535455565758591116263646566676869707172737475767778798081828384858687888990919293949596979899100101102103104105106107
1421411401391381371361351341331321311301291281271261251241231221211201191181171161151131121111101091081071061041031021011009998979695949392919089888786858483828079787776757473727170696867666564636261605957565554535455565758596011363646566676869707172737475767778798081828384858687888990919293949596979899100101102103104105106107108
143142141140139138137136135134133132131130129128127126125124123122121120119118117116114113112111110109108107105104103102101100999897969594939291908988878685848381807978777675747372717069686766656463626160585756555455565758596061115646566676869707172737475767778798081828384858687888990919293949596979899100101102103104105106107108109
14414314214114013913813713613513413313213113012912812712612512412312212112011911811711511411311211111010910810610510410310210110099989796959493929190898887868584828180797877767574737271706968676665646362615958575655565758596061621176566676869707172737475767778798081828384858687888990919293949596979899100101102103104105106107108109110
1451441431421411401391381371361351341331321311301291281271261251241231221211201191181161151141131121111101091071061051041031021011009998979695949392919089888786858382818079787776757473727170696867666564636260595857565758596061626311966676869707172737475767778798081828384858687888990919293949596979899100101102103104105106107108109110111
232230228226224222220218216214212210208206204202200198196194192190188186184182180178175173171169167165163161158156154152150148146144142140138136134132130128126124122120118116114111109107105103101999795939189878583817977757371696664626058596061626364651226869707172737475767778798081828384858687888990919293949596979899100101102103104105106107108109110111112113
1481471461451441431421411401391381371361351341331321311301291281271261251241231221211191181171161151141131121101091081071061051041031021011009998979695949392919089888685848382818079787776757473727170696867666563626160596061626364656612469707172737475767778798081828384858687888990919293949596979899100101102103104105106107108109110111112113114
149148147146145144143142141140139138137136135134133132131130129128127126125124123122120119118117116115114113111110109108107106105104103102101100999897969594939291908987868584838281807978777675747372717069686766646362616061626364656667126707172737475767778798081828384858687888990919293949596979899100101102103104105106107108109110111112113114115
15014914814714614514414314214114013913813713613513413313213113012912812712612512412312112011911811711611511411211111010910810710610510410310210110099989796959493929190888786858483828180797877767574737271706968676564636261626364656667681287172737475767778798081828384858687888990919293949596979899100101102103104105106107108109110111112113114115116
1511501491481471461451441431421411401391381371361351341331321311301291281271261251241221211201191181171161151131121111101091081071061051041031021011009998979695949392918988878685848382818079787776757473727170696866656463626364656667686913072737475767778798081828384858687888990919293949596979899100101102103104105106107108109110111112113114115116117
238236234232230228226224222220218216214212210208206204202200198196194192190188186184181179177175173171169167164162160158156154152150148146144142140138136134132130128126124122120117115113111109107105103101999795939189878583817977757270686664656667686970711337475767778798081828384858687888990919293949596979899100101102103104105106107108109110111112113114115116117118119
1541531521511501491481471461451441431421411401391381371361351341331321311301291281271251241231221211201191181161151141131121111101091081071061051041031021011009998979695949291908988878685848382818079787776757473727169686766656667686970717213575767778798081828384858687888990919293949596979899100101102103104105106107108109110111112113114115116117118119120
155154153152151150149148147146145144143142141140139138137136135134133132131130129128126125124123122121120119117116115114113112111110109108107106105104103102101100999897969593929190898887868584838281807978777675747372706968676667686970717273137767778798081828384858687888990919293949596979899100101102103104105106107108109110111112113114115116117118119120121
15615515415315215115014914814714614514414314214114013913813713613513413313213113012912712612512412312212112011811711611511411311211111010910810710610510410310210110099989796949392919089888786858483828180797877767574737170696867686970717273741397778798081828384858687888990919293949596979899100101102103104105106107108109110111112113114115116117118119120121122
1571561551541531521511501491481471461451441431421411401391381371361351341331321311301281271261251241231221211191181171161151141131121111101091081071061051041031021011009998979594939291908988878685848382818079787776757472717069686970717273747514178798081828384858687888990919293949596979899100101102103104105106107108109110111112113114115116117118119120121122123
158157156155154153152151150149148147146145144143142141140139138137136135134133132131129128127126125124123122120119118117116115114113112111110109108107106105104103102101100999896959493929190898887868584838281807978777675737271706970717273747576143798081828384858687888990919293949596979899100101102103104105106107108109110111112113114115116117118119120121122123124
15915815715615515415315215115014914814714614514414314214114013913813713613513413313213012912812712612512412312112011911811711611511411311211111010910810710610510410310210110099979695949392919089888786858483828180797877767473727170717273747576771458081828384858687888990919293949596979899100101102103104105106107108109110111112113114115116117118119120121122123124125
1601591581571561551541531521511501491481471461451441431421411401391381371361351341331311301291281271261251241221211201191181171161151141131121111101091081071061051041031021011009897969594939291908988878685848382818079787775747372717273747576777814781828384858687888990919293949596979899100101102103104105106107108109110111112113114115116117118119120121122123124125126
16116015915815715615515415315215115014914814714614514414314214114013913813713613513413213113012912812712612512312212112011911811711611511411311211111010910810710610510410310210199989796959493929190898887868584838281807978767574737273747576777879149828384858687888990919293949596979899100101102103104105106107108109110111112113114115116117118119120121122123124125126127
1621611601591581571561551541531521511501491481471461451441431421411401391381371361351331321311301291281271261241231221211201191181171161151141131121111101091081071061051041031021009998979695949392919089888786858483828180797776757473747576777879801518384858687888990919293949596979899100101102103104105106107108109110111112113114115116117118119120121122123124125126127128
163162161160159158157156155154153152151150149148147146145144143142141140139138137136134133132131130129128127125124123122121120119118117116115114113112111110109108107106105104103101100999897969594939291908988878685848382818078777675747576777879808115384858687888990919293949596979899100101102103104105106107108109110111112113114115116117118119120121122123124125126127128129
16416316216116015915815715615515415315215115014914814714614514414314214114013913813713513413313213113012912812612512412312212112011911811711611511411311211111010910810710610510410210110099989796959493929190898887868584838281797877767576777879808182155858687888990919293949596979899100101102103104105106107108109110111112113114115116117118119120121122123124125126127128129130
1651641631621611601591581571561551541531521511501491481471461451441431421411401391381361351341331321311301291271261251241231221211201191181171161151141131121111101091081071061051031021011009998979695949392919089888786858483828079787776777879808182831578687888990919293949596979899100101102103104105106107108109110111112113114115116117118119120121122123124125126127128129130131
166165164163162161160159158157156155154153152151150149148147146145144143142141140139137136135134133132131130128127126125124123122121120119118117116115114113112111110109108107106104103102101100999897969594939291908988878685848381807978777879808182838415987888990919293949596979899100101102103104105106107108109110111112113114115116117118119120121122123124125126127128129130131132
16716616516416316216116015915815715615515415315215115014914814714614514414314214114013813713613513413313213112912812712612512412312212112011911811711611511411311211111010910810710510410310210110099989796959493929190898887868584828180797879808182838485161888990919293949596979899100101102103104105106107108109110111112113114115116117118119120121122123124125126127128129130131132133
1681671661651641631621611601591581571561551541531521511501491481471461451441431421411391381371361351341331321301291281271261251241231221211201191181171161151141131121111101091081061051041031021011009998979695949392919089888786858382818079808182838485861638990919293949596979899100101102103104105106107108109110111112113114115116117118119120121122123124125126127128129130131132133134
169168167166165164163162161160159158157156155154153152151150149148147146145144143142140139138137136135134133131130129128127126125124123122121120119118117116115114113112111110109107106105104103102101100999897969594939291908988878684838281808182838485868716590919293949596979899100101102103104105106107108109110111112113114115116117118119120121122123124125126127128129130131132133134135
17016916816716616516416316216116015915815715615515415315215115014914814714614514414314114013913813713613513413213113012912812712612512412312212112011911811711611511411311211111010810710610510410310210110099989796959493929190898887858483828182838485868788167919293949596979899100101102103104105106107108109110111112113114115116117118119120121122123124125126127128129130131132133134135136
1711701691681671661651641631621611601591581571561551541531521511501491481471461451441421411401391381371361351331321311301291281271261251241231221211201191181171161151141131121111091081071061051041031021011009998979695949392919089888685848382838485868788891699293949596979899100101102103104105106107108109110111112113114115116117118119120121122123124125126127128129130131132133134135136137
172171170169168167166165164163162161160159158157156155154153152151150149148147146145143142141140139138137136134133132131130129128127126125124123122121120119118117116115114113112110109108107106105104103102101100999897969594939291908987868584838485868788899017193949596979899100101102103104105106107108109110111112113114115116117118119120121122123124125126127128129130131132133134135136137138
17317217117016916816716616516416316216116015915815715615515415315215115014914814714614414314214114013913813713513413313213113012912812712612512412312212112011911811711611511411311111010910810710610510410310210110099989796959493929190888786858485868788899091173949596979899100101102103104105106107108109110111112113114115116117118119120121122123124125126127128129130131132133134135136137138139
1741731721711701691681671661651641631621611601591581571561551541531521511501491481471451441431421411401391381361351341331321311301291281271261251241231221211201191181171161151141121111101091081071061051041031021011009998979695949392918988878685868788899091921759596979899100101102103104105106107108109110111112113114115116117118119120121122123124125126127128129130131132133134135136137138139140
26125925725525325124924724524324123923723523323122922722522322121921721521321120920720420220019819619419219018718518318117917717517317116916716516316115915715515315114914714514314013813613413213012812612412212011811611411211010810610410210098959391898788899091929394178979899100101102103104105106107108109110111112113114115116117118119120121122123124125126127128129130131132133134135136137138139140141142
1771761751741731721711701691681671661651641631621611601591581571561551541531521511501481471461451441431421411391381371361351341331321311301291281271261251241231221211201191181171151141131121111101091081071061051041031021011009998979695949291908988899091929394951809899100101102103104105106107108109110111112113114115116117118119120121122123124125126127128129130131132133134135136137138139140141142143
178177176175174173172171170169168167166165164163162161160159158157156155154153152151149148147146145144143142140139138137136135134133132131130129128127126125124123122121120119118116115114113112111110109108107106105104103102101100999897969593929190899091929394959618299100101102103104105106107108109110111112113114115116117118119120121122123124125126127128129130131132133134135136137138139140141142143144
17917817717617517417317217117016916816716616516416316216116015915815715615515415315215014914814714614514414314114013913813713613513413313213113012912812712612512412312212112011911711611511411311211111010910810710610510410310210110099989796949392919091929394959697184100101102103104105106107108109110111112113114115116117118119120121122123124125126127128129130131132133134135136137138139140141142143144145
180179178177176175174173172171170169168167166165164163162161160159158157156155154153151150149148147146145144142141140139138137136135134133132131130129128127126125124123122121120118117116115114113112111110109108107106105104103102101100999897959493929192939495969798186101102103104105106107108109110111112113114115116117118119120121122123124125126127128129130131132133134135136137138139140141142143144145146
1811801791781771761751741731721711701691681671661651641631621611601591581571561551541521511501491481471461451431421411401391381371361351341331321311301291281271261251241231221211191181171161151141131121111101091081071061051041031021011009998969594939293949596979899188102103104105106107108109110111112113114115116117118119120121122123124125126127128129130131132133134135136137138139140141142143144145146147
182181180179178177176175174173172171170169168167166165164163162161160159158157156155153152151150149148147146144143142141140139138137136135134133132131130129128127126125124123122120119118117116115114113112111110109108107106105104103102101100999796959493949596979899100190103104105106107108109110111112113114115116117118119120121122123124125126127128129130131132133134135136137138139140141142143144145146147148
18318218118017917817717617517417317217117016916816716616516416316216116015915815715615415315215115014914814714514414314214114013913813713613513413313213113012912812712612512412312112011911811711611511411311211111010910810710610510410310210110098979695949596979899100101192104105106107108109110111112113114115116117118119120121122123124125126127128129130131132133134135136137138139140141142143144145146147148149
184183182181180179178177176175174173172171170169168167166165164163162161160159158157155154153152151150149148146145144143142141140139138137136135134133132131130129128127126125124122121120119118117116115114113112111110109108107106105104103102101999897969596979899100101102194105106107108109110111112113114115116117118119120121122123124125126127128129130131132133134135136137138139140141142143144145146147148149150
18518418318218118017917817717617517417317217117016916816716616516416316216116015915815615515415315215115014914714614514414314214114013913813713613513413313213113012912812712612512312212112011911811711611511411311211111010910810710610510410310210099989796979899100101102103196106107108109110111112113114115116117118119120121122123124125126127128129130131132133134135136137138139140141142143144145146147148149150151
1861851841831821811801791781771761751741731721711701691681671661651641631621611601591571561551541531521511501481471461451441431421411401391381371361351341331321311301291281271261241231221211201191181171161151141131121111101091081071061051041031011009998979899100101102103104198107108109110111112113114115116117118119120121122123124125126127128129130131132133134135136137138139140141142143144145146147148149150151152
187186185184183182181180179178177176175174173172171170169168167166165164163162161160158157156155154153152151149148147146145144143142141140139138137136135134133132131130129128127125124123122121120119118117116115114113112111110109108107106105104102101100999899100101102103104105200108109110111112113114115116117118119120121122123124125126127128129130131132133134135136137138139140141142143144145146147148149150151152153
18818718618518418318218118017917817717617517417317217117016916816716616516416316216115915815715615515415315215014914814714614514414314214114013913813713613513413313213113012912812612512412312212112011911811711611511411311211111010910810710610510310210110099100101102103104105106202109110111112113114115116117118119120121122123124125126127128129130131132133134135136137138139140141142143144145146147148149150151152153154
189188187186185184183182181180179178177176175174173172171170169168167166165164163162160159158157156155154153151150149148147146145144143142141140139138137136135134133132131130129127126125124123122121120119118117116115114113112111110109108107106104103102101100101102103104105106107204110111112113114115116117118119120121122123124125126127128129130131132133134135136137138139140141142143144145146147148149150151152153154155
190189188187186185184183182181180179178177176175174173172171170169168167166165164163161160159158157156155154152151150149148147146145144143142141140139138137136135134133132131130128127126125124123122121120119118117116115114113112111110109108107105104103102101102103104105106107108206111112113114115116117118119120121122123124125126127128129130131132133134135136137138139140141142143144145146147148149150151152153154155156
191190189188187186185184183182181180179178177176175174173172171170169168167166165164162161160159158157156155153152151150149148147146145144143142141140139138137136135134133132131129128127126125124123122121120119118117116115114113112111110109108106105104103102103104105106107108109208112113114115116117118119120121122123124125126127128129130131132133134135136137138139140141142143144145146147148149150151152153154155156157
192191190189188187186185184183182181180179178177176175174173172171170169168167166165163162161160159158157156154153152151150149148147146145144143142141140139138137136135134133132130129128127126125124123122121120119118117116115114113112111110109107106105104103104105106107108109110210113114115116117118119120121122123124125126127128129130131132133134135136137138139140141142143144145146147148149150151152153154155156157158
193192191190189188187186185184183182181180179178177176175174173172171170169168167166164163162161160159158157155154153152151150149148147146145144143142141140139138137136135134133131130129128127126125124123122121120119118117116115114113112111110108107106105104105106107108109110111212114115116117118119120121122123124125126127128129130131132133134135136137138139140141142143144145146147148149150151152153154155156157158159
194193192191190189188187186185184183182181180179178177176175174173172171170169168167165164163162161160159158156155154153152151150149148147146145144143142141140139138137136135134132131130129128127126125124123122121120119118117116115114113112111109108107106105106107108109110111112214115116117118119120121122123124125126127128129130131132133134135136137138139140141142143144145146147148149150151152153154155156157158159160
195194193192191190189188187186185184183182181180179178177176175174173172171170169168166165164163162161160159157156155154153152151150149148147146145144143142141140139138137136135133132131130129128127126125124123122121120119118117116115114113112110109108107106107108109110111112113216116117118119120121122123124125126127128129130131132133134135136137138139140141142143144145146147148149150151152153154155156157158159160161
196195194193192191190189188187186185184183182181180179178177176175174173172171170169167166165164163162161160158157156155154153152151150149148147146145144143142141140139138137136134133132131130129128127126125124123122121120119118117116115114113111110109108107108109110111112113114218117118119120121122123124125126127128129130131132133134135136137138139140141142143144145146147148149150151152153154155156157158159160161162
197196195194193192191190189188187186185184183182181180179178177176175174173172171170168167166165164163162161159158157156155154153152151150149148147146145144143142141140139138137135134133132131130129128127126125124123122121120119118117116115114112111110109108109110111112113114115220118119120121122123124125126127128129130131132133134135136137138139140141142143144145146147148149150151152153154155156157158159160161162163
198197196195194193192191190189188187186185184183182181180179178177176175174173172171169168167166165164163162160159158157156155154153152151150149148147146145144143142141140139138136135134133132131130129128127126125124123122121120119118117116115113112111110109110111112113114115116222119120121122123124125126127128129130131132133134135136137138139140141142143144145146147148149150151152153154155156157158159160161162163164
199198197196195194193192191190189188187186185184183182181180179178177176175174173172170169168167166165164163161160159158157156155154153152151150149148147146145144143142141140139137136135134133132131130129128127126125124123122121120119118117116114113112111110111112113114115116117224120121122123124125126127128129130131132133134135136137138139140141142143144145146147148149150151152153154155156157158159160161162163164165
200199198197196195194193192191190189188187186185184183182181180179178177176175174173171170169168167166165164162161160159158157156155154153152151150149148147146145144143142141140138137136135134133132131130129128127126125124123122121120119118117115114113112111112113114115116117118226121122123124125126127128129130131132133134135136137138139140141142143144145146147148149150151152153154155156157158159160161162163164165166
201200199198197196195194193192191190189188187186185184183182181180179178177176175174172171170169168167166165163162161160159158157156155154153152151150149148147146145144143142141139138137136135134133132131130129128127126125124123122121120119118116115114113112113114115116117118119228122123124125126127128129130131132133134135136137138139140141142143144145146147148149150151152153154155156157158159160161162163164165166167
202201200199198197196195194193192191190189188187186185184183182181180179178177176175173172171170169168167166164163162161160159158157156155154153152151150149148147146145144143142140139138137136135134133132131130129128127126125124123122121120119117116115114113114115116117118119120230123124125126127128129130131132133134135136137138139140141142143144145146147148149150151152153154155156157158159160161162163164165166167168
203202201200199198197196195194193192191190189188187186185184183182181180179178177176174173172171170169168167165164163162161160159158157156155154153152151150149148147146145144143141140139138137136135134133132131130129128127126125124123122121120118117116115114115116117118119120121232124125126127128129130131132133134135136137138139140141142143144145146147148149150151152153154155156157158159160161162163164165166167168169
204203202201200199198197196195194193192191190189188187186185184183182181180179178177175174173172171170169168166165164163162161160159158157156155154153152151150149148147146145144142141140139138137136135134133132131130129128127126125124123122121119118117116115116117118119120121122234125126127128129130131132133134135136137138139140141142143144145146147148149150151152153154155156157158159160161162163164165166167168169170
205204203202201200199198197196195194193192191190189188187186185184183182181180179178176175174173172171170169167166165164163162161160159158157156155154153152151150149148147146145143142141140139138137136135134133132131130129128127126125124123122120119118117116117118119120121122123236126127128129130131132133134135136137138139140141142143144145146147148149150151152153154155156157158159160161162163164165166167168169170171
206205204203202201200199198197196195194193192191190189188187186185184183182181180179177176175174173172171170168167166165164163162161160159158157156155154153152151150149148147146144143142141140139138137136135134133132131130129128127126125124123121120119118117118119120121122123124238127128129130131132133134135136137138139140141142143144145146147148149150151152153154155156157158159160161162163164165166167168169170171172
207206205204203202201200199198197196195194193192191190189188187186185184183182181180178177176175174173172171169168167166165164163162161160159158157156155154153152151150149148147145144143142141140139138137136135134133132131130129128127126125124122121120119118119120121122123124125240128129130131132133134135136137138139140141142143144145146147148149150151152153154155156157158159160161162163164165166167168169170171172173
208207206205204203202201200199198197196195194193192191190189188187186185184183182181179178177176175174173172170169168167166165164163162161160159158157156155154153152151150149148146145144143142141140139138137136135134133132131130129128127126125123122121120119120121122123124125126242129130131132133134135136137138139140141142143144145146147148149150151152153154155156157158159160161162163164165166167168169170171172173174
209208207206205204203202201200199198197196195194193192191190189188187186185184183182180179178177176175174173171170169168167166165164163162161160159158157156155154153152151150149147146145144143142141140139138137136135134133132131130129128127126124123122121120121122123124125126127244130131132133134135136137138139140141142143144145146147148149150151152153154155156157158159160161162163164165166167168169170171172173174175
210209208207206205204203202201200199198197196195194193192191190189188187186185184183181180179178177176175174172171170169168167166165164163162161160159158157156155154153152151150148147146145144143142141140139138137136135134133132131130129128127125124123122121122123124125126127128246131132133134135136137138139140141142143144145146147148149150151152153154155156157158159160161162163164165166167168169170171172173174175176
211210209208207206205204203202201200199198197196195194193192191190189188187186185184182181180179178177176175173172171170169168167166165164163162161160159158157156155154153152151149148147146145144143142141140139138137136135134133132131130129128126125124123122123124125126127128129248132133134135136137138139140141142143144145146147148149150151152153154155156157158159160161162163164165166167168169170171172173174175176177
212211210209208207206205204203202201200199198197196195194193192191190189188187186185183182181180179178177176174173172171170169168167166165164163162161160159158157156155154153152150149148147146145144143142141140139138137136135134133132131130129127126125124123124125126127128129130250133134135136137138139140141142143144145146147148149150151152153154155156157158159160161162163164165166167168169170171172173174175176177178
213212211210209208207206205204203202201200199198197196195194193192191190189188187186184183182181180179178177175174173172171170169168167166165164163162161160159158157156155154153151150149148147146145144143142141140139138137136135134133132131130128127126125124125126127128129130131252134135136137138139140141142143144145146147148149150151152153154155156157158159160161162163164165166167168169170171172173174175176177178179
214213212211210209208207206205204203202201200199198197196195194193192191190189188187185184183182181180179178176175174173172171170169168167166165164163162161160159158157156155154152151150149148147146145144143142141140139138137136135134133132131129128127126125126127128129130131132254135136137138139140141142143144145146147148149150151152153154155156157158159160161162163164165166167168169170171172173174175176177178179180
215214213212211210209208207206205204203202201200199198197196195194193192191190189188186185184183182181180179177176175174173172171170169168167166165164163162161160159158157156155153152151150149148147146145144143142141140139138137136135134133132130129128127126127128129130131132133256136137138139140141142143144145146147148149150151152153154155156157158159160161162163164165166167168169170171172173174175176177178179180181
216215214213212211210209208207206205204203202201200199198197196195194193192191190189187186185184183182181180178177176175174173172171170169168167166165164163162161160159158157156154153152151150149148147146145144143142141140139138137136135134133131130129128127128129130131132133134258137138139140141142143144145146147148149150151152153154155156157158159160161162163164165166167168169170171172173174175176177178179180181182
217216215214213212211210209208207206205204203202201200199198197196195194193192191190188187186185184183182181179178177176175174173172171170169168167166165164163162161160159158157155154153152151150149148147146145144143142141140139138137136135134132131130129128129130131132133134135260138139140141142143144145146147148149150151152153154155156157158159160161162163164165166167168169170171172173174175176177178179180181182183
218217216215214213212211210209208207206205204203202201200199198197196195194193192191189188187186185184183182180179178177176175174173172171170169168167166165164163162161160159158156155154153152151150149148147146145144143142141140139138137136135133132131130129130131132133134135136262139140141142143144145146147148149150151152153154155156157158159160161162163164165166167168169170171172173174175176177178179180181182183184
219218217216215214213212211210209208207206205204203202201200199198197196195194193192190189188187186185184183181180179178177176175174173172171170169168167166165164163162161160159157156155154153152151150149148147146145144143142141140139138137136134133132131130131132133134135136137264140141142143144145146147148149150151152153154155156157158159160161162163164165166167168169170171172173174175176177178179180181182183184185
220219218217216215214213212211210209208207206205204203202201200199198197196195194193191190189188187186185184182181180179178177176175174173172171170169168167166165164163162161160158157156155154153152151150149148147146145144143142141140139138137135134133132131132133134135136137138266141142143144145146147148149150151152153154155156157158159160161162163164165166167168169170171172173174175176177178179180181182183184185186
221220219218217216215214213212211210209208207206205204203202201200199198197196195194192191190189188187186185183182181180179178177176175174173172171170169168167166165164163162161159158157156155154153152151150149148147146145144143142141140139138136135134133132133134135136137138139268142143144145146147148149150151152153154155156157158159160161162163164165166167168169170171172173174175176177178179180181182183184185186187
222221220219218217216215214213212211210209208207206205204203202201200199198197196195193192191190189188187186184183182181180179178177176175174173172171170169168167166165164163162160159158157156155154153152151150149148147146145144143142141140139137136135134133134135136137138139140270143144145146147148149150151152153154155156157158159160161162163164165166167168169170171172173174175176177178179180181182183184185186187188
223222221220219218217216215214213212211210209208207206205204203202201200199198197196194193192191190189188187185184183182181180179178177176175174173172171170169168167166165164163161160159158157156155154153152151150149148147146145144143142141140138137136135134135136137138139140141272144145146147148149150151152153154155156157158159160161162163164165166167168169170171172173174175176177178179180181182183184185186187188189
224223222221220219218217216215214213212211210209208207206205204203202201200199198197195194193192191190189188186185184183182181180179178177176175174173172171170169168167166165164162161160159158157156155154153152151150149148147146145144143142141139138137136135136137138139140141142274145146147148149150151152153154155156157158159160161162163164165166167168169170171172173174175176177178179180181182183184185186187188189190
225224223222221220219218217216215214213212211210209208207206205204203202201200199198196195194193192191190189187186185184183182181180179178177176175174173172171170169168167166165163162161160159158157156155154153152151150149148147146145144143142140139138137136137138139140141142143276146147148149150151152153154155156157158159160161162163164165166167168169170171172173174175176177178179180181182183184185186187188189190191
226225224223222221220219218217216215214213212211210209208207206205204203202201200199197196195194193192191190188187186185184183182181180179178177176175174173172171170169168167166164163162161160159158157156155154153152151150149148147146145144143141140139138137138139140141142143144278147148149150151152153154155156157158159160161162163164165166167168169170171172173174175176177178179180181182183184185186187188189190191192
227226225224223222221220219218217216215214213212211210209208207206205204203202201200198197196195194193192191189188187186185184183182181180179178177176175174173172171170169168167165164163162161160159158157156155154153152151150149148147146145144142141140139138139140141142143144145280148149150151152153154155156157158159160161162163164165166167168169170171172173174175176177178179180181182183184185186187188189190191192193
228227226225224223222221220219218217216215214213212211210209208207206205204203202201199198197196195194193192190189188187186185184183182181180179178177176175174173172171170169168166165164163162161160159158157156155154153152151150149148147146145143142141140139140141142143144145146282149150151152153154155156157158159160161162163164165166167168169170171172173174175176177178179180181182183184185186187188189190191192193194
229228227226225224223222221220219218217216215214213212211210209208207206205204203202200199198197196195194193191190189188187186185184183182181180179178177176175174173172171170169167166165164163162161160159158157156155154153152151150149148147146144143142141140141142143144145146147284150151152153154155156157158159160161162163164165166167168169170171172173174175176177178179180181182183184185186187188189190191192193194195
230229228227226225224223222221220219218217216215214213212211210209208207206205204203201200199198197196195194192191190189188187186185184183182181180179178177176175174173172171170168167166165164163162161160159158157156155154153152151150149148147145144143142141142143144145146147148286151152153154155156157158159160161162163164165166167168169170171172173174175176177178179180181182183184185186187188189190191192193194195196
231230229228227226225224223222221220219218217216215214213212211210209208207206205204202201200199198197196195193192191190189188187186185184183182181180179178177176175174173172171169168167166165164163162161160159158157156155154153152151150149148146145144143142143144145146147148149288152153154155156157158159160161162163164165166167168169170171172173174175176177178179180181182183184185186187188189190191192193194195196197
232231230229228227226225224223222221220219218217216215214213212211210209208207206205203202201200199198197196194193192191190189188187186185184183182181180179178177176175174173172170169168167166165164163162161160159158157156155154153152151150149147146145144143144145146147148149150290153154155156157158159160161162163164165166167168169170171172173174175176177178179180181182183184185186187188189190191192193194195196197198
233232231230229228227226225224223222221220219218217216215214213212211210209208207206204203202201200199198197195194193192191190189188187186185184183182181180179178177176175174173171170169168167166165164163162161160159158157156155154153152151150148147146145144145146147148149150151292154155156157158159160161162163164165166167168169170171172173174175176177178179180181182183184185186187188189190191192193194195196197198199
