105104103102101100999897969594939291908988878685848382818079787675747372717069676665646362616059585756555453525150494847464543424140393837363534333231302928272625242322201918171615141312111098654321234567891011121314151617181920212223242526272829303132333435363738394041
104103102101100999897969594939291908988878685848382818079787775747372717069686665646362616059585756555453525150494847464544424140393837363534333231302928272625242322211918171615141312111098754321012345678910111213141516171819202122232425262728293031323334353637383940
105104103102101100999897969594939291908988878685848382818079787675747372717069676665646362616059585756555453525150494847464543424140393837363534333231302928272625242322201918171615141312111098654321234567891011121314151617181920212223242526272829303132333435363738394041
106105104103102101100999897969594939291908988878685848382818079777675747372717068676665646362616059585756555453525150494847464443424140393837363534333231302928272625242321201918171615141312111097654323456789101112131415161718192021222324252627282930313233343536373839404142
107106105104103102101100999897969594939291908988878685848382818078777675747372716968676665646362616059585756555453525150494847454443424140393837363534333231302928272625242221201918171615141312111087654345678910111213141516171819202122232425262728293031323334353637383940414243
10810710610510410310210110099989796959493929190898887868584838281797877767574737270696867666564636261605958575655545352515049484645444342414039383736353433323130292827262523222120191817161514131211987654567891011121314151617181920212223242526272829303132333435363738394041424344
10910810710610510410310210110099989796959493929190898887868584838280797877767574737170696867666564636261605958575655545352515049474645444342414039383736353433323130292827262423222120191817161514131210987656789101112131415161718192021222324252627282930313233343536373839404142434445
11010910810710610510410310210110099989796959493929190898887868584838180797877767574727170696867666564636261605958575655545352515048474645444342414039383736353433323130292827252423222120191817161514131110987678910111213141516171819202122232425262728293031323334353637383940414243444546
11111010910810710610510410310210110099989796959493929190898887868584828180797877767573727170696867666564636261605958575655545352514948474645444342414039383736353433323130292826252423222120191817161514121110987891011121314151617181920212223242526272829303132333435363738394041424344454647
11211111010910810710610510410310210110099989796959493929190898887868583828180797877767473727170696867666564636261605958575655545352504948474645444342414039383736353433323130292726252423222120191817161513121110989101112131415161718192021222324252627282930313233343536373839404142434445464748
11311211111010910810710610510410310210110099989796959493929190898887868483828180797877757473727170696867666564636261605958575655545351504948474645444342414039383736353433323130282726252423222120191817161413121110910111213141516171819202122232425262728293031323334353637383940414243444546474849
1141131121111101091081071061051041031021011009998979695949392919089888785848382818079787675747372717069686766656463626160595857565554525150494847464544434241403938373635343332312928272625242322212019181715141312111011121314151617181920212223242526272829303132333435363738394041424344454647484950
11511411311211111010910810710610510410310210110099989796959493929190898886858483828180797776757473727170696867666564636261605958575655535251504948474645444342414039383736353433323029282726252423222120191816151413121112131415161718192021222324252627282930313233343536373839404142434445464748495051
116115114113112111110109108107106105104103102101100999897969594939291908987868584838281807877767574737271706968676665646362616059585756545352515049484746454443424140393837363534333130292827262524232221201917161514131213141516171819202122232425262728293031323334353637383940414243444546474849505152
1171161151141131121111101091081071061051041031021011009998979695949392919088878685848382817978777675747372717069686766656463626160595857555453525150494847464544434241403938373635343231302928272625242322212018171615141314151617181920212223242526272829303132333435363738394041424344454647484950515253
11811711611511411311211111010910810710610510410310210110099989796959493929189888786858483828079787776757473727170696867666564636261605958565554535251504948474645444342414039383736353332313029282726252423222119181716151415161718192021222324252627282930313233343536373839404142434445464748495051525354
119118117116115114113112111110109108107106105104103102101100999897969594939290898887868584838180797877767574737271706968676665646362616059575655545352515049484746454443424140393837363433323130292827262524232220191817161516171819202122232425262728293031323334353637383940414243444546474849505152535455
1201191181171161151141131121111101091081071061051041031021011009998979695949391908988878685848281807978777675747372717069686766656463626160585756555453525150494847464544434241403938373534333231302928272625242321201918171617181920212223242526272829303132333435363738394041424344454647484950515253545556
12112011911811711611511411311211111010910810710610510410310210110099989796959492919089888786858382818079787776757473727170696867666564636261595857565554535251504948474645444342414039383635343332313029282726252422212019181718192021222324252627282930313233343536373839404142434445464748495051525354555657
122121120119118117116115114113112111110109108107106105104103102101100999897969593929190898887868483828180797877767574737271706968676665646362605958575655545352515049484746454443424140393736353433323130292827262523222120191819202122232425262728293031323334353637383940414243444546474849505152535455565758
1231221211201191181171161151141131121111101091081071061051041031021011009998979694939291908988878584838281807978777675747372717069686766656463616059585756555453525150494847464544434241403837363534333231302928272624232221201920212223242526272829303132333435363738394041424344454647484950515253545556575859
12412312212112011911811711611511411311211111010910810710610510410310210110099989795949392919089888685848382818079787776757473727170696867666564626160595857565554535251504948474645444342413938373635343332313029282725242322212021222324252627282930313233343536373839404142434445464748495051525354555657585960
125124123122121120119118117116115114113112111110109108107106105104103102101100999896959493929190898786858483828180797877767574737271706968676665636261605958575655545352515049484746454443424039383736353433323130292826252423222122232425262728293031323334353637383940414243444546474849505152535455565758596061
1261251241231221211201191181171161151141131121111101091081071061051041031021011009997969594939291908887868584838281807978777675747372717069686766646362616059585756555453525150494847464544434140393837363534333231302927262524232223242526272829303132333435363738394041424344454647484950515253545556575859606162
12712612512412312212112011911811711611511411311211111010910810710610510410310210110098979695949392918988878685848382818079787776757473727170696867656463626160595857565554535251504948474645444241403938373635343332313028272625242324252627282930313233343536373839404142434445464748495051525354555657585960616263
12812712612512412312212112011911811711611511411311211111010910810710610510410310210199989796959493929089888786858483828180797877767574737271706968666564636261605958575655545352515049484746454342414039383736353433323129282726252425262728293031323334353637383940414243444546474849505152535455565758596061626364
129128127126125124123122121120119118117116115114113112111110109108107106105104103102100999897969594939190898887868584838281807978777675747372717069676665646362616059585756555453525150494847464443424140393837363534333230292827262526272829303132333435363738394041424344454647484950515253545556575859606162636465
1301291281271261251241231221211201191181171161151141131121111101091081071061051041031011009998979695949291908988878685848382818079787776757473727170686766656463626160595857565554535251504948474544434241403938373635343331302928272627282930313233343536373839404142434445464748495051525354555657585960616263646566
13113012912812712612512412312212112011911811711611511411311211111010910810710610510410210110099989796959392919089888786858483828180797877767574737271696867666564636261605958575655545352515049484645444342414039383736353432313029282728293031323334353637383940414243444546474849505152535455565758596061626364656667
132131130129128127126125124123122121120119118117116115114113112111110109108107106105103102101100999897969493929190898887868584838281807978777675747372706968676665646362616059585756555453525150494746454443424140393837363533323130292829303132333435363738394041424344454647484950515253545556575859606162636465666768
1331321311301291281271261251241231221211201191181171161151141131121111101091081071061041031021011009998979594939291908988878685848382818079787776757473717069686766656463626160595857565554535251504847464544434241403938373634333231302930313233343536373839404142434445464748495051525354555657585960616263646566676869
13413313213113012912812712612512412312212112011911811711611511411311211111010910810710510410310210110099989695949392919089888786858483828180797877767574727170696867666564636261605958575655545352514948474645444342414039383735343332313031323334353637383940414243444546474849505152535455565758596061626364656667686970
135134133132131130129128127126125124123122121120119118117116115114113112111110109108106105104103102101100999796959493929190898887868584838281807978777675737271706968676665646362616059585756555453525049484746454443424140393836353433323132333435363738394041424344454647484950515253545556575859606162636465666768697071
1361351341331321311301291281271261251241231221211201191181171161151141131121111101091071061051041031021011009897969594939291908988878685848382818079787776747372717069686766656463626160595857565554535150494847464544434241403937363534333233343536373839404142434445464748495051525354555657585960616263646566676869707172
237235233231229227225223221219217215213211209207205203201199197195193191189187185183180178176174172170168166163161159157155153151149147145143141139137135133131129127125123121119116114112110108106104102100989694929088868482807876747169676563615957555351494744424038363435363738394041424344454647484950515253545556575859606162636465666768697071727374
139138137136135134133132131130129128127126125124123122121120119118117116115114113112110109108107106105104103101100999897969594939291908988878685848382818079777675747372717069686766656463626160595857565453525150494847464544434240393837363536373839404142434445464748495051525354555657585960616263646566676869707172737475
1401391381371361351341331321311301291281271261251241231221211201191181171161151141131111101091081071061051041021011009998979695949392919089888786858483828180787776757473727170696867666564636261605958575554535251504948474645444341403938373637383940414243444546474849505152535455565758596061626364656667686970717273747576
24123923723523323122922722522322121921721521321120920720520320119919719519319118918718418218017817617417217016716516316115915715515315114914714514314113913713513313112912712512312011811611411211010810610410210098969492908886848280787573716967656361595755535148464442403839404142434445464748495051525354555657585960616263646566676869707172737475767778
1431421411401391381371361351341331321311301291281271261251241231221211201191181171161141131121111101091081071051041031021011009998979695949392919089888786858483818079787776757473727170696867666564636261605857565554535251504948474644434241403940414243444546474849505152535455565758596061626364656667686970717273747576777879
14414314214114013913813713613513413313213113012912812712612512412312212112011911811711511411311211111010910810610510410310210110099989796959493929190898887868584828180797877767574737271706968676665646362615958575655545352515049484745444342414041424344454647484950515253545556575859606162636465666768697071727374757677787980
145144143142141140139138137136135134133132131130129128127126125124123122121120119118116115114113112111110109107106105104103102101100999897969594939291908988878685838281807978777675747372717069686766656463626059585756555453525150494846454443424142434445464748495051525354555657585960616263646566676869707172737475767778798081
1461451441431421411401391381371361351341331321311301291281271261251241231221211201191171161151141131121111101081071061051041031021011009998979695949392919089888786848382818079787776757473727170696867666564636160595857565554535251504947464544434243444546474849505152535455565758596061626364656667686970717273747576777879808182
14714614514414314214114013913813713613513413313213113012912812712612512412312212112011811711611511411311211110910810710610510410310210110099989796959493929190898887858483828180797877767574737271706968676665646261605958575655545352515048474645444344454647484950515253545556575859606162636465666768697071727374757677787980818283
148147146145144143142141140139138137136135134133132131130129128127126125124123122121119118117116115114113112110109108107106105104103102101100999897969594939291908988868584838281807978777675747372717069686766656362616059585756555453525149484746454445464748495051525354555657585960616263646566676869707172737475767778798081828384
1491481471461451441431421411401391381371361351341331321311301291281271261251241231221201191181171161151141131111101091081071061051041031021011009998979695949392919089878685848382818079787776757473727170696867666463626160595857565554535250494847464546474849505152535455565758596061626364656667686970717273747576777879808182838485
15014914814714614514414314214114013913813713613513413313213113012912812712612512412312112011911811711611511411211111010910810710610510410310210110099989796959493929190888786858483828180797877767574737271706968676564636261605958575655545351504948474647484950515253545556575859606162636465666768697071727374757677787980818283848586
151150149148147146145144143142141140139138137136135134133132131130129128127126125124122121120119118117116115113112111110109108107106105104103102101100999897969594939291898887868584838281807978777675747372717069686665646362616059585756555452515049484748495051525354555657585960616263646566676869707172737475767778798081828384858687
1521511501491481471461451441431421411401391381371361351341331321311301291281271261251231221211201191181171161141131121111101091081071061051041031021011009998979695949392908988878685848382818079787776757473727170696766656463626160595857565553525150494849505152535455565758596061626364656667686970717273747576777879808182838485868788
15315215115014914814714614514414314214114013913813713613513413313213113012912812712612412312212112011911811711511411311211111010910810710610510410310210110099989796959493919089888786858483828180797877767574737271706867666564636261605958575654535251504950515253545556575859606162636465666768697071727374757677787980818283848586878889
154153152151150149148147146145144143142141140139138137136135134133132131130129128127125124123122121120119118116115114113112111110109108107106105104103102101100999897969594929190898887868584838281807978777675747372716968676665646362616059585755545352515051525354555657585960616263646566676869707172737475767778798081828384858687888990
1551541531521511501491481471461451441431421411401391381371361351341331321311301291281261251241231221211201191171161151141131121111101091081071061051041031021011009998979695939291908988878685848382818079787776757473727069686766656463626160595856555453525152535455565758596061626364656667686970717273747576777879808182838485868788899091
15615515415315215115014914814714614514414314214114013913813713613513413313213113012912712612512412312212112011811711611511411311211111010910810710610510410310210110099989796949392919089888786858483828180797877767574737170696867666564636261605957565554535253545556575859606162636465666768697071727374757677787980818283848586878889909192
157156155154153152151150149148147146145144143142141140139138137136135134133132131130128127126125124123122121119118117116115114113112111110109108107106105104103102101100999897959493929190898887868584838281807978777675747271706968676665646362616058575655545354555657585960616263646566676869707172737475767778798081828384858687888990919293
1581571561551541531521511501491481471461451441431421411401391381371361351341331321311291281271261251241231221201191181171161151141131121111101091081071061051041031021011009998969594939291908988878685848382818079787776757372717069686766656463626159585756555455565758596061626364656667686970717273747576777879808182838485868788899091929394
15915815715615515415315215115014914814714614514414314214114013913813713613513413313213012912812712612512412312112011911811711611511411311211111010910810710610510410310210110099979695949392919089888786858483828180797877767473727170696867666564636260595857565556575859606162636465666768697071727374757677787980818283848586878889909192939495
26025825625425225024824624424224023823623423223022822622422222021821621421221020820620320119919719519319118918618418218017817617417217016816616416216015815615415215014814614414213913713513313112912712512312111911711511311110910710510310199979492908886848280787674727067656361595758596061626364656667686970717273747576777879808182838485868788899091929394959697
1621611601591581571561551541531521511501491481471461451441431421411401391381371361351331321311301291281271261241231221211201191181171161151141131121111101091081071061051041031021009998979695949392919089888786858483828180797776757473727170696867666563626160595859606162636465666768697071727374757677787980818283848586878889909192939495969798
16316216116015915815715615515415315215115014914814714614514414314214114013913813713613413313213113012912812712512412312212112011911811711611511411311211111010910810710610510410310110099989796959493929190898887868584838281807877767574737271706968676664636261605960616263646566676869707172737475767778798081828384858687888990919293949596979899
1641631621611601591581571561551541531521511501491481471461451441431421411401391381371351341331321311301291281261251241231221211201191181171161151141131121111101091081071061051041021011009998979695949392919089888786858483828179787776757473727170696867656463626160616263646566676869707172737475767778798081828384858687888990919293949596979899100
165164163162161160159158157156155154153152151150149148147146145144143142141140139138136135134133132131130129127126125124123122121120119118117116115114113112111110109108107106105103102101100999897969594939291908988878685848382807978777675747372717069686665646362616263646566676869707172737475767778798081828384858687888990919293949596979899100101
266264262260258256254252250248246244242240238236234232230228226224222220218216214212209207205203201199197195192190188186184182180178176174172170168166164162160158156154152150148145143141139137135133131129127125123121119117115113111109107105103100989694929088868482807876737169676563646566676869707172737475767778798081828384858687888990919293949596979899100101102103
168167166165164163162161160159158157156155154153152151150149148147146145144143142141139138137136135134133132130129128127126125124123122121120119118117116115114113112111110109108106105104103102101100999897969594939291908988878685838281807978777675747372716968676665646566676869707172737475767778798081828384858687888990919293949596979899100101102103104
16916816716616516416316216116015915815715615515415315215115014914814714614514414314214013913813713613513413313113012912812712612512412312212112011911811711611511411311211111010910710610510410310210110099989796959493929190898887868483828180797877767574737270696867666566676869707172737475767778798081828384858687888990919293949596979899100101102103104105
1701691681671661651641631621611601591581571561551541531521511501491481471461451441431411401391381371361351341321311301291281271261251241231221211201191181171161151141131121111101081071061051041031021011009998979695949392919089888785848382818079787776757473717069686766676869707172737475767778798081828384858687888990919293949596979899100101102103104105106
171170169168167166165164163162161160159158157156155154153152151150149148147146145144142141140139138137136135133132131130129128127126125124123122121120119118117116115114113112111109108107106105104103102101100999897969594939291908988868584838281807978777675747271706968676869707172737475767778798081828384858687888990919293949596979899100101102103104105106107
17217117016916816716616516416316216116015915815715615515415315215115014914814714614514314214114013913813713613413313213113012912812712612512412312212112011911811711611511411311211010910810710610510410310210110099989796959493929190898786858483828180797877767573727170696869707172737475767778798081828384858687888990919293949596979899100101102103104105106107108
1731721711701691681671661651641631621611601591581571561551541531521511501491481471461441431421411401391381371351341331321311301291281271261251241231221211201191181171161151141131111101091081071061051041031021011009998979695949392919088878685848382818079787776747372717069707172737475767778798081828384858687888990919293949596979899100101102103104105106107108109
174173172171170169168167166165164163162161160159158157156155154153152151150149148147145144143142141140139138136135134133132131130129128127126125124123122121120119118117116115114112111110109108107106105104103102101100999897969594939291898887868584838281807978777574737271707172737475767778798081828384858687888990919293949596979899100101102103104105106107108109110
17517417317217117016916816716616516416316216116015915815715615515415315215115014914814614514414314214114013913713613513413313213113012912812712612512412312212112011911811711611511311211111010910810710610510410310210110099989796959493929089888786858483828180797876757473727172737475767778798081828384858687888990919293949596979899100101102103104105106107108109110111
1761751741731721711701691681671661651641631621611601591581571561551541531521511501491471461451441431421411401381371361351341331321311301291281271261251241231221211201191181171161141131121111101091081071061051041031021011009998979695949391908988878685848382818079777675747372737475767778798081828384858687888990919293949596979899100101102103104105106107108109110111112
177176175174173172171170169168167166165164163162161160159158157156155154153152151150148147146145144143142141139138137136135134133132131130129128127126125124123122121120119118117115114113112111110109108107106105104103102101100999897969594929190898887868584838281807877767574737475767778798081828384858687888990919293949596979899100101102103104105106107108109110111112113
17817717617517417317217117016916816716616516416316216116015915815715615515415315215114914814714614514414314214013913813713613513413313213113012912812712612512412312212112011911811611511411311211111010910810710610510410310210110099989796959392919089888786858483828179787776757475767778798081828384858687888990919293949596979899100101102103104105106107108109110111112113114
1791781771761751741731721711701691681671661651641631621611601591581571561551541531521501491481471461451441431411401391381371361351341331321311301291281271261251241231221211201191171161151141131121111101091081071061051041031021011009998979694939291908988878685848382807978777675767778798081828384858687888990919293949596979899100101102103104105106107108109110111112113114115
180179178177176175174173172171170169168167166165164163162161160159158157156155154153151150149148147146145144142141140139138137136135134133132131130129128127126125124123122121120118117116115114113112111110109108107106105104103102101100999897959493929190898887868584838180797877767778798081828384858687888990919293949596979899100101102103104105106107108109110111112113114115116
18118017917817717617517417317217117016916816716616516416316216116015915815715615515415215115014914814714614514314214114013913813713613513413313213113012912812712612512412312212111911811711611511411311211111010910810710610510410310210110099989695949392919089888786858482818079787778798081828384858687888990919293949596979899100101102103104105106107108109110111112113114115116117
1821811801791781771761751741731721711701691681671661651641631621611601591581571561551531521511501491481471461441431421411401391381371361351341331321311301291281271261251241231221201191181171161151141131121111101091081071061051041031021011009997969594939291908988878685838281807978798081828384858687888990919293949596979899100101102103104105106107108109110111112113114115116117118
183182181180179178177176175174173172171170169168167166165164163162161160159158157156154153152151150149148147145144143142141140139138137136135134133132131130129128127126125124123121120119118117116115114113112111110109108107106105104103102101100989796959493929190898887868483828180798081828384858687888990919293949596979899100101102103104105106107108109110111112113114115116117118119
1841831821811801791781771761751741731721711701691681671661651641631621611601591581571551541531521511501491481461451441431421411401391381371361351341331321311301291281271261251241221211201191181171161151141131121111101091081071061051041031021019998979695949392919089888785848382818081828384858687888990919293949596979899100101102103104105106107108109110111112113114115116117118119120
185184183182181180179178177176175174173172171170169168167166165164163162161160159158156155154153152151150149147146145144143142141140139138137136135134133132131130129128127126125123122121120119118117116115114113112111110109108107106105104103102100999897969594939291908988868584838281828384858687888990919293949596979899100101102103104105106107108109110111112113114115116117118119120121
18618518418318218118017917817717617517417317217117016916816716616516416316216116015915715615515415315215115014814714614514414314214114013913813713613513413313213113012912812712612412312212112011911811711611511411311211111010910810710610510410310110099989796959493929190898786858483828384858687888990919293949596979899100101102103104105106107108109110111112113114115116117118119120121122
1871861851841831821811801791781771761751741731721711701691681671661651641631621611601581571561551541531521511491481471461451441431421411401391381371361351341331321311301291281271251241231221211201191181171161151141131121111101091081071061051041021011009998979695949392919088878685848384858687888990919293949596979899100101102103104105106107108109110111112113114115116117118119120121122123
188187186185184183182181180179178177176175174173172171170169168167166165164163162161159158157156155154153152150149148147146145144143142141140139138137136135134133132131130129128126125124123122121120119118117116115114113112111110109108107106105103102101100999897969594939291898887868584858687888990919293949596979899100101102103104105106107108109110111112113114115116117118119120121122123124
2892872852832812792772752732712692672652632612592572552532512492472452432412392372352322302282262242222202182152132112092072052032011991971951931911891871851831811791771751731711681661641621601581561541521501481461441421401381361341321301281261231211191171151131111091071051031019996949290888687888990919293949596979899100101102103104105106107108109110111112113114115116117118119120121122123124125126
191190189188187186185184183182181180179178177176175174173172171170169168167166165164162161160159158157156155153152151150149148147146145144143142141140139138137136135134133132131129128127126125124123122121120119118117116115114113112111110109108106105104103102101100999897969594929190898887888990919293949596979899100101102103104105106107108109110111112113114115116117118119120121122123124125126127
19219119018918818718618518418318218118017917817717617517417317217117016916816716616516316216116015915815715615415315215115014914814714614514414314214114013913813713613513413313213012912812712612512412312212112011911811711611511411311211111010910710610510410310210110099989796959392919089888990919293949596979899100101102103104105106107108109110111112113114115116117118119120121122123124125126127128
1931921911901891881871861851841831821811801791781771761751741731721711701691681671661641631621611601591581571551541531521511501491481471461451441431421411401391381371361351341331311301291281271261251241231221211201191181171161151141131121111101081071061051041031021011009998979694939291908990919293949596979899100101102103104105106107108109110111112113114115116117118119120121122123124125126127128129
194193192191190189188187186185184183182181180179178177176175174173172171170169168167165164163162161160159158156155154153152151150149148147146145144143142141140139138137136135134132131130129128127126125124123122121120119118117116115114113112111109108107106105104103102101100999897959493929190919293949596979899100101102103104105106107108109110111112113114115116117118119120121122123124125126127128129130
19519419319219119018918818718618518418318218118017917817717617517417317217117016916816616516416316216116015915715615515415315215115014914814714614514414314214114013913813713613513313213113012912812712612512412312212112011911811711611511411311211010910810710610510410310210110099989695949392919293949596979899100101102103104105106107108109110111112113114115116117118119120121122123124125126127128129130131
1961951941931921911901891881871861851841831821811801791781771761751741731721711701691671661651641631621611601581571561551541531521511501491481471461451441431421411401391381371361341331321311301291281271261251241231221211201191181171161151141131111101091081071061051041031021011009997969594939293949596979899100101102103104105106107108109110111112113114115116117118119120121122123124125126127128129130131132
197196195194193192191190189188187186185184183182181180179178177176175174173172171170168167166165164163162161159158157156155154153152151150149148147146145144143142141140139138137135134133132131130129128127126125124123122121120119118117116115114112111110109108107106105104103102101100989796959493949596979899100101102103104105106107108109110111112113114115116117118119120121122123124125126127128129130131132133
1981971961951941931921911901891881871861851841831821811801791781771761751741731721711691681671661651641631621601591581571561551541531521511501491481471461451441431421411401391381361351341331321311301291281271261251241231221211201191181171161151131121111101091081071061051041031021019998979695949596979899100101102103104105106107108109110111112113114115116117118119120121122123124125126127128129130131132133134
199198197196195194193192191190189188187186185184183182181180179178177176175174173172170169168167166165164163161160159158157156155154153152151150149148147146145144143142141140139137136135134133132131130129128127126125124123122121120119118117116114113112111110109108107106105104103102100999897969596979899100101102103104105106107108109110111112113114115116117118119120121122123124125126127128129130131132133134135
20019919819719619519419319219119018918818718618518418318218118017917817717617517417317117016916816716616516416216116015915815715615515415315215115014914814714614514414314214114013813713613513413313213113012912812712612512412312212112011911811711511411311211111010910810710610510410310110099989796979899100101102103104105106107108109110111112113114115116117118119120121122123124125126127128129130131132133134135136
2012001991981971961951941931921911901891881871861851841831821811801791781771761751741721711701691681671661651631621611601591581571561551541531521511501491481471461451441431421411391381371361351341331321311301291281271261251241231221211201191181161151141131121111101091081071061051041021011009998979899100101102103104105106107108109110111112113114115116117118119120121122123124125126127128129130131132133134135136137
202201200199198197196195194193192191190189188187186185184183182181180179178177176175173172171170169168167166164163162161160159158157156155154153152151150149148147146145144143142140139138137136135134133132131130129128127126125124123122121120119117116115114113112111110109108107106105103102101100999899100101102103104105106107108109110111112113114115116117118119120121122123124125126127128129130131132133134135136137138
20320220120019919819719619519419319219119018918818718618518418318218118017917817717617417317217117016916816716516416316216116015915815715615515415315215115014914814714614514414314114013913813713613513413313213113012912812712612512412312212112011811711611511411311211111010910810710610410310210110099100101102103104105106107108109110111112113114115116117118119120121122123124125126127128129130131132133134135136137138139
204203202201200199198197196195194193192191190189188187186185184183182181180179178177175174173172171170169168166165164163162161160159158157156155154153152151150149148147146145144142141140139138137136135134133132131130129128127126125124123122121119118117116115114113112111110109108107105104103102101100101102103104105106107108109110111112113114115116117118119120121122123124125126127128129130131132133134135136137138139140
205204203202201200199198197196195194193192191190189188187186185184183182181180179178176175174173172171170169167166165164163162161160159158157156155154153152151150149148147146145143142141140139138137136135134133132131130129128127126125124123122120119118117116115114113112111110109108106105104103102101102103104105106107108109110111112113114115116117118119120121122123124125126127128129130131132133134135136137138139140141
206205204203202201200199198197196195194193192191190189188187186185184183182181180179177176175174173172171170168167166165164163162161160159158157156155154153152151150149148147146144143142141140139138137136135134133132131130129128127126125124123121120119118117116115114113112111110109107106105104103102103104105106107108109110111112113114115116117118119120121122123124125126127128129130131132133134135136137138139140141142
207206205204203202201200199198197196195194193192191190189188187186185184183182181180178177176175174173172171169168167166165164163162161160159158157156155154153152151150149148147145144143142141140139138137136135134133132131130129128127126125124122121120119118117116115114113112111110108107106105104103104105106107108109110111112113114115116117118119120121122123124125126127128129130131132133134135136137138139140141142143
208207206205204203202201200199198197196195194193192191190189188187186185184183182181179178177176175174173172170169168167166165164163162161160159158157156155154153152151150149148146145144143142141140139138137136135134133132131130129128127126125123122121120119118117116115114113112111109108107106105104105106107108109110111112113114115116117118119120121122123124125126127128129130131132133134135136137138139140141142143144
209208207206205204203202201200199198197196195194193192191190189188187186185184183182180179178177176175174173171170169168167166165164163162161160159158157156155154153152151150149147146145144143142141140139138137136135134133132131130129128127126124123122121120119118117116115114113112110109108107106105106107108109110111112113114115116117118119120121122123124125126127128129130131132133134135136137138139140141142143144145
210209208207206205204203202201200199198197196195194193192191190189188187186185184183181180179178177176175174172171170169168167166165164163162161160159158157156155154153152151150148147146145144143142141140139138137136135134133132131130129128127125124123122121120119118117116115114113111110109108107106107108109110111112113114115116117118119120121122123124125126127128129130131132133134135136137138139140141142143144145146
211210209208207206205204203202201200199198197196195194193192191190189188187186185184182181180179178177176175173172171170169168167166165164163162161160159158157156155154153152151149148147146145144143142141140139138137136135134133132131130129128126125124123122121120119118117116115114112111110109108107108109110111112113114115116117118119120121122123124125126127128129130131132133134135136137138139140141142143144145146147
212211210209208207206205204203202201200199198197196195194193192191190189188187186185183182181180179178177176174173172171170169168167166165164163162161160159158157156155154153152150149148147146145144143142141140139138137136135134133132131130129127126125124123122121120119118117116115113112111110109108109110111112113114115116117118119120121122123124125126127128129130131132133134135136137138139140141142143144145146147148
213212211210209208207206205204203202201200199198197196195194193192191190189188187186184183182181180179178177175174173172171170169168167166165164163162161160159158157156155154153151150149148147146145144143142141140139138137136135134133132131130128127126125124123122121120119118117116114113112111110109110111112113114115116117118119120121122123124125126127128129130131132133134135136137138139140141142143144145146147148149
214213212211210209208207206205204203202201200199198197196195194193192191190189188187185184183182181180179178176175174173172171170169168167166165164163162161160159158157156155154152151150149148147146145144143142141140139138137136135134133132131129128127126125124123122121120119118117115114113112111110111112113114115116117118119120121122123124125126127128129130131132133134135136137138139140141142143144145146147148149150
215214213212211210209208207206205204203202201200199198197196195194193192191190189188186185184183182181180179177176175174173172171170169168167166165164163162161160159158157156155153152151150149148147146145144143142141140139138137136135134133132130129128127126125124123122121120119118116115114113112111112113114115116117118119120121122123124125126127128129130131132133134135136137138139140141142143144145146147148149150151
216215214213212211210209208207206205204203202201200199198197196195194193192191190189187186185184183182181180178177176175174173172171170169168167166165164163162161160159158157156154153152151150149148147146145144143142141140139138137136135134133131130129128127126125124123122121120119117116115114113112113114115116117118119120121122123124125126127128129130131132133134135136137138139140141142143144145146147148149150151152
217216215214213212211210209208207206205204203202201200199198197196195194193192191190188187186185184183182181179178177176175174173172171170169168167166165164163162161160159158157155154153152151150149148147146145144143142141140139138137136135134132131130129128127126125124123122121120118117116115114113114115116117118119120121122123124125126127128129130131132133134135136137138139140141142143144145146147148149150151152153
218217216215214213212211210209208207206205204203202201200199198197196195194193192191189188187186185184183182180179178177176175174173172171170169168167166165164163162161160159158156155154153152151150149148147146145144143142141140139138137136135133132131130129128127126125124123122121119118117116115114115116117118119120121122123124125126127128129130131132133134135136137138139140141142143144145146147148149150151152153154
219218217216215214213212211210209208207206205204203202201200199198197196195194193192190189188187186185184183181180179178177176175174173172171170169168167166165164163162161160159157156155154153152151150149148147146145144143142141140139138137136134133132131130129128127126125124123122120119118117116115116117118119120121122123124125126127128129130131132133134135136137138139140141142143144145146147148149150151152153154155
220219218217216215214213212211210209208207206205204203202201200199198197196195194193191190189188187186185184182181180179178177176175174173172171170169168167166165164163162161160158157156155154153152151150149148147146145144143142141140139138137135134133132131130129128127126125124123121120119118117116117118119120121122123124125126127128129130131132133134135136137138139140141142143144145146147148149150151152153154155156
221220219218217216215214213212211210209208207206205204203202201200199198197196195194192191190189188187186185183182181180179178177176175174173172171170169168167166165164163162161159158157156155154153152151150149148147146145144143142141140139138136135134133132131130129128127126125124122121120119118117118119120121122123124125126127128129130131132133134135136137138139140141142143144145146147148149150151152153154155156157
222221220219218217216215214213212211210209208207206205204203202201200199198197196195193192191190189188187186184183182181180179178177176175174173172171170169168167166165164163162160159158157156155154153152151150149148147146145144143142141140139137136135134133132131130129128127126125123122121120119118119120121122123124125126127128129130131132133134135136137138139140141142143144145146147148149150151152153154155156157158
223222221220219218217216215214213212211210209208207206205204203202201200199198197196194193192191190189188187185184183182181180179178177176175174173172171170169168167166165164163161160159158157156155154153152151150149148147146145144143142141140138137136135134133132131130129128127126124123122121120119120121122123124125126127128129130131132133134135136137138139140141142143144145146147148149150151152153154155156157158159
224223222221220219218217216215214213212211210209208207206205204203202201200199198197195194193192191190189188186185184183182181180179178177176175174173172171170169168167166165164162161160159158157156155154153152151150149148147146145144143142141139138137136135134133132131130129128127125124123122121120121122123124125126127128129130131132133134135136137138139140141142143144145146147148149150151152153154155156157158159160
225224223222221220219218217216215214213212211210209208207206205204203202201200199198196195194193192191190189187186185184183182181180179178177176175174173172171170169168167166165163162161160159158157156155154153152151150149148147146145144143142140139138137136135134133132131130129128126125124123122121122123124125126127128129130131132133134135136137138139140141142143144145146147148149150151152153154155156157158159160161
226225224223222221220219218217216215214213212211210209208207206205204203202201200199197196195194193192191190188187186185184183182181180179178177176175174173172171170169168167166164163162161160159158157156155154153152151150149148147146145144143141140139138137136135134133132131130129127126125124123122123124125126127128129130131132133134135136137138139140141142143144145146147148149150151152153154155156157158159160161162
227226225224223222221220219218217216215214213212211210209208207206205204203202201200198197196195194193192191189188187186185184183182181180179178177176175174173172171170169168167165164163162161160159158157156155154153152151150149148147146145144142141140139138137136135134133132131130128127126125124123124125126127128129130131132133134135136137138139140141142143144145146147148149150151152153154155156157158159160161162163
228227226225224223222221220219218217216215214213212211210209208207206205204203202201199198197196195194193192190189188187186185184183182181180179178177176175174173172171170169168166165164163162161160159158157156155154153152151150149148147146145143142141140139138137136135134133132131129128127126125124125126127128129130131132133134135136137138139140141142143144145146147148149150151152153154155156157158159160161162163164
229228227226225224223222221220219218217216215214213212211210209208207206205204203202200199198197196195194193191190189188187186185184183182181180179178177176175174173172171170169167166165164163162161160159158157156155154153152151150149148147146144143142141140139138137136135134133132130129128127126125126127128129130131132133134135136137138139140141142143144145146147148149150151152153154155156157158159160161162163164165
230229228227226225224223222221220219218217216215214213212211210209208207206205204203201200199198197196195194192191190189188187186185184183182181180179178177176175174173172171170168167166165164163162161160159158157156155154153152151150149148147145144143142141140139138137136135134133131130129128127126127128129130131132133134135136137138139140141142143144145146147148149150151152153154155156157158159160161162163164165166
231230229228227226225224223222221220219218217216215214213212211210209208207206205204202201200199198197196195193192191190189188187186185184183182181180179178177176175174173172171169168167166165164163162161160159158157156155154153152151150149148146145144143142141140139138137136135134132131130129128127128129130131132133134135136137138139140141142143144145146147148149150151152153154155156157158159160161162163164165166167
232231230229228227226225224223222221220219218217216215214213212211210209208207206205203202201200199198197196194193192191190189188187186185184183182181180179178177176175174173172170169168167166165164163162161160159158157156155154153152151150149147146145144143142141140139138137136135133132131130129128129130131132133134135136137138139140141142143144145146147148149150151152153154155156157158159160161162163164165166167168
233232231230229228227226225224223222221220219218217216215214213212211210209208207206204203202201200199198197195194193192191190189188187186185184183182181180179178177176175174173171170169168167166165164163162161160159158157156155154153152151150148147146145144143142141140139138137136134133132131130129130131132133134135136137138139140141142143144145146147148149150151152153154155156157158159160161162163164165166167168169
234233232231230229228227226225224223222221220219218217216215214213212211210209208207205204203202201200199198196195194193192191190189188187186185184183182181180179178177176175174172171170169168167166165164163162161160159158157156155154153152151149148147146145144143142141140139138137135134133132131130131132133134135136137138139140141142143144145146147148149150151152153154155156157158159160161162163164165166167168169170
235234233232231230229228227226225224223222221220219218217216215214213212211210209208206205204203202201200199197196195194193192191190189188187186185184183182181180179178177176175173172171170169168167166165164163162161160159158157156155154153152150149148147146145144143142141140139138136135134133132131132133134135136137138139140141142143144145146147148149150151152153154155156157158159160161162163164165166167168169170171
236235234233232231230229228227226225224223222221220219218217216215214213212211210209207206205204203202201200198197196195194193192191190189188187186185184183182181180179178177176174173172171170169168167166165164163162161160159158157156155154153151150149148147146145144143142141140139137136135134133132133134135136137138139140141142143144145146147148149150151152153154155156157158159160161162163164165166167168169170171172
237236235234233232231230229228227226225224223222221220219218217216215214213212211210208207206205204203202201199198197196195194193192191190189188187186185184183182181180179178177175174173172171170169168167166165164163162161160159158157156155154152151150149148147146145144143142141140138137136135134133134135136137138139140141142143144145146147148149150151152153154155156157158159160161162163164165166167168169170171172173
238237236235234233232231230229228227226225224223222221220219218217216215214213212211209208207206205204203202200199198197196195194193192191190189188187186185184183182181180179178176175174173172171170169168167166165164163162161160159158157156155153152151150149148147146145144143142141139138137136135134135136137138139140141142143144145146147148149150151152153154155156157158159160161162163164165166167168169170171172173174
239238237236235234233232231230229228227226225224223222221220219218217216215214213212210209208207206205204203201200199198197196195194193192191190189188187186185184183182181180179177176175174173172171170169168167166165164163162161160159158157156154153152151150149148147146145144143142140139138137136135136137138139140141142143144145146147148149150151152153154155156157158159160161162163164165166167168169170171172173174175
240239238237236235234233232231230229228227226225224223222221220219218217216215214213211210209208207206205204202201200199198197196195194193192191190189188187186185184183182181180178177176175174173172171170169168167166165164163162161160159158157155154153152151150149148147146145144143141140139138137136137138139140141142143144145146147148149150151152153154155156157158159160161162163164165166167168169170171172173174175176
241240239238237236235234233232231230229228227226225224223222221220219218217216215214212211210209208207206205203202201200199198197196195194193192191190189188187186185184183182181179178177176175174173172171170169168167166165164163162161160159158156155154153152151150149148147146145144142141140139138137138139140141142143144145146147148149150151152153154155156157158159160161162163164165166167168169170171172173174175176177
242241240239238237236235234233232231230229228227226225224223222221220219218217216215213212211210209208207206204203202201200199198197196195194193192191190189188187186185184183182180179178177176175174173172171170169168167166165164163162161160159157156155154153152151150149148147146145143142141140139138139140141142143144145146147148149150151152153154155156157158159160161162163164165166167168169170171172173174175176177178
243242241240239238237236235234233232231230229228227226225224223222221220219218217216214213212211210209208207205204203202201200199198197196195194193192191190189188187186185184183181180179178177176175174173172171170169168167166165164163162161160158157156155154153152151150149148147146144143142141140139140141142143144145146147148149150151152153154155156157158159160161162163164165166167168169170171172173174175176177178179
244243242241240239238237236235234233232231230229228227226225224223222221220219218217215214213212211210209208206205204203202201200199198197196195194193192191190189188187186185184182181180179178177176175174173172171170169168167166165164163162161159158157156155154153152151150149148147145144143142141140141142143144145146147148149150151152153154155156157158159160161162163164165166167168169170171172173174175176177178179180
245244243242241240239238237236235234233232231230229228227226225224223222221220219218216215214213212211210209207206205204203202201200199198197196195194193192191190189188187186185183182181180179178177176175174173172171170169168167166165164163162160159158157156155154153152151150149148146145144143142141142143144145146147148149150151152153154155156157158159160161162163164165166167168169170171172173174175176177178179180181
246245244243242241240239238237236235234233232231230229228227226225224223222221220219217216215214213212211210208207206205204203202201200199198197196195194193192191190189188187186184183182181180179178177176175174173172171170169168167166165164163161160159158157156155154153152151150149147146145144143142143144145146147148149150151152153154155156157158159160161162163164165166167168169170171172173174175176177178179180181182
247246245244243242241240239238237236235234233232231230229228227226225224223222221220218217216215214213212211209208207206205204203202201200199198197196195194193192191190189188187185184183182181180179178177176175174173172171170169168167166165164162161160159158157156155154153152151150148147146145144143144145146147148149150151152153154155156157158159160161162163164165166167168169170171172173174175176177178179180181182183
