343332313029282726252423222120191817161514131211109875432345789101112131415161718192021222324252627282931323334353637383940414243444546474849505152545556575859606162636465666869707172737475767778798081828384858687888990919293949596979899100101102103104105106107108109110111112113114
333231302928272625242322212019181716151413121110987643212346789101112131415161718192021222324252627283031323334353637383940414243444546474849505153545556575859606162636465676869707172737475767778798081828384858687888990919293949596979899100101102103104105106107108109110111112113
323130292827262524232221201918171615141312111098765321012356789101112131415161718192021222324252627293031323334353637383940414243444546474849505253545556575859606162636466676869707172737475767778798081828384858687888990919293949596979899100101102103104105106107108109110111112
333231302928272625242322212019181716151413121110987643212347789101112131415161718192021222324252627283131323334353637383940414243444546474849505154545556575859606162636465686869707172737475767778798081828384858687888990919293949596979899100101102103104105106107108109110111112113
343332313029282726252423222120191817161514131211109875432345989101112131415161718192021222324252627282933323334353637383940414243444546474849505152565556575859606162636465667069707172737475767778798081828384858687888990919293949596979899100101102103104105106107108109110111112113114
3534333231302928272625242322212019181716151413121110986543456119101112131415161718192021222324252627282930353334353637383940414243444546474849505152535856575859606162636465666772707172737475767778798081828384858687888990919293949596979899100101102103104105106107108109110111112113114115
3635343332313029282726252423222120191817161514131211109765456713101112131415161718192021222324252627282930313734353637383940414243444546474849505152535460575859606162636465666768747172737475767778798081828384858687888990919293949596979899100101102103104105106107108109110111112113114115116
373635343332313029282726252423222120191817161514131211108765678151112131415161718192021222324252627282930313239353637383940414243444546474849505152535455625859606162636465666768697672737475767778798081828384858687888990919293949596979899100101102103104105106107108109110111112113114115116117
3837363534333231302928272625242322212019181716151413121198767891712131415161718192021222324252627282930313233413637383940414243444546474849505152535455566459606162636465666768697078737475767778798081828384858687888990919293949596979899100101102103104105106107108109110111112113114115116117118
3938373635343332313029282726252423222120191817161514131210987891019131415161718192021222324252627282930313233344337383940414243444546474849505152535455565766606162636465666768697071807475767778798081828384858687888990919293949596979899100101102103104105106107108109110111112113114115116117118119
4039383736353433323130292827262524232221201918171615141311109891011211415161718192021222324252627282930313233343545383940414243444546474849505152535455565758686162636465666768697071728275767778798081828384858687888990919293949596979899100101102103104105106107108109110111112113114115116117118119120
4140393837363534333231302928272625242322212019181716151412111091011122315161718192021222324252627282930313233343536473940414243444546474849505152535455565758597062636465666768697071727384767778798081828384858687888990919293949596979899100101102103104105106107108109110111112113114115116117118119120121
424140393837363534333231302928272625242322212019181716151312111011121325161718192021222324252627282930313233343536374940414243444546474849505152535455565758596072636465666768697071727374867778798081828384858687888990919293949596979899100101102103104105106107108109110111112113114115116117118119120121122
4342414039383736353433323130292827262524232221201918171614131211121314271718192021222324252627282930313233343536373851414243444546474849505152535455565758596061746465666768697071727374758878798081828384858687888990919293949596979899100101102103104105106107108109110111112113114115116117118119120121122123
44434241403938373635343332313029282726252423222120191817151413121314152918192021222324252627282930313233343536373839534243444546474849505152535455565758596061627665666768697071727374757690798081828384858687888990919293949596979899100101102103104105106107108109110111112113114115116117118119120121122123124
454443424140393837363534333231302928272625242322212019181615141314151631192021222324252627282930313233343536373839405543444546474849505152535455565758596061626378666768697071727374757677928081828384858687888990919293949596979899100101102103104105106107108109110111112113114115116117118119120121122123124125
4645444342414039383736353433323130292827262524232221201917161514151617332021222324252627282930313233343536373839404157444546474849505152535455565758596061626364806768697071727374757677789481828384858687888990919293949596979899100101102103104105106107108109110111112113114115116117118119120121122123124125126
47464544434241403938373635343332313029282726252423222120181716151617183521222324252627282930313233343536373839404142594546474849505152535455565758596061626364658268697071727374757677787996828384858687888990919293949596979899100101102103104105106107108109110111112113114115116117118119120121122123124125126127
484746454443424140393837363534333231302928272625242322211918171617181937222324252627282930313233343536373839404142436146474849505152535455565758596061626364656684697071727374757677787980988384858687888990919293949596979899100101102103104105106107108109110111112113114115116117118119120121122123124125126127128
49484746454443424140393837363534333231302928272625242322201918171819203923242526272829303132333435363738394041424344634748495051525354555657585960616263646566678670717273747576777879808110084858687888990919293949596979899100101102103104105106107108109110111112113114115116117118119120121122123124125126127128129
504948474645444342414039383736353433323130292827262524232120191819202141242526272829303132333435363738394041424344456548495051525354555657585960616263646566676888717273747576777879808182102858687888990919293949596979899100101102103104105106107108109110111112113114115116117118119120121122123124125126127128129130
5150494847464544434241403938373635343332313029282726252422212019202122432526272829303132333435363738394041424344454667495051525354555657585960616263646566676869907273747576777879808182831048687888990919293949596979899100101102103104105106107108109110111112113114115116117118119120121122123124125126127128129130131
52515049484746454443424140393837363534333231302928272625232221202122234526272829303132333435363738394041424344454647695051525354555657585960616263646566676869709273747576777879808182838410687888990919293949596979899100101102103104105106107108109110111112113114115116117118119120121122123124125126127128129130131132
535251504948474645444342414039383736353433323130292827262423222122232447272829303132333435363738394041424344454647487151525354555657585960616263646566676869707194747576777879808182838485108888990919293949596979899100101102103104105106107108109110111112113114115116117118119120121122123124125126127128129130131132133
5453525150494847464544434241403938373635343332313029282725242322232425492829303132333435363738394041424344454647484973525354555657585960616263646566676869707172967576777879808182838485861108990919293949596979899100101102103104105106107108109110111112113114115116117118119120121122123124125126127128129130131132133134
55545352515049484746454443424140393837363534333231302928262524232425265129303132333435363738394041424344454647484950755354555657585960616263646566676869707172739876777879808182838485868711290919293949596979899100101102103104105106107108109110111112113114115116117118119120121122123124125126127128129130131132133134135
5655545352515049484746454443424140393837363534333231302927262524252627533031323334353637383940414243444546474849505177545556575859606162636465666768697071727374100777879808182838485868788114919293949596979899100101102103104105106107108109110111112113114115116117118119120121122123124125126127128129130131132133134135136
57565554535251504948474645444342414039383736353433323130282726252627285531323334353637383940414243444546474849505152795556575859606162636465666768697071727374751027879808182838485868788891169293949596979899100101102103104105106107108109110111112113114115116117118119120121122123124125126127128129130131132133134135136137
585756555453525150494847464544434241403938373635343332312928272627282957323334353637383940414243444546474849505152538156575859606162636465666768697071727374757610479808182838485868788899011893949596979899100101102103104105106107108109110111112113114115116117118119120121122123124125126127128129130131132133134135136137138
5958575655545352515049484746454443424140393837363534333230292827282930593334353637383940414243444546474849505152535483575859606162636465666768697071727374757677106808182838485868788899091120949596979899100101102103104105106107108109110111112113114115116117118119120121122123124125126127128129130131132133134135136137138139
60595857565554535251504948474645444342414039383736353433313029282930316134353637383940414243444546474849505152535455855859606162636465666768697071727374757677781088182838485868788899091921229596979899100101102103104105106107108109110111112113114115116117118119120121122123124125126127128129130131132133134135136137138139140
616059585756555453525150494847464544434241403938373635343231302930313263353637383940414243444546474849505152535455568759606162636465666768697071727374757677787911082838485868788899091929312496979899100101102103104105106107108109110111112113114115116117118119120121122123124125126127128129130131132133134135136137138139140141
6261605958575655545352515049484746454443424140393837363533323130313233653637383940414243444546474849505152535455565789606162636465666768697071727374757677787980112838485868788899091929394126979899100101102103104105106107108109110111112113114115116117118119120121122123124125126127128129130131132133134135136137138139140141142
63626160595857565554535251504948474645444342414039383736343332313233346737383940414243444546474849505152535455565758916162636465666768697071727374757677787980811148485868788899091929394951289899100101102103104105106107108109110111112113114115116117118119120121122123124125126127128129130131132133134135136137138139140141142143
9694929088868482807876747270686664626058565452504846444239373533343536703940414243444546474849505152535455565758596094636465666768697071727374757677787980818283117868788899091929394959697131100101102103104105106107108109110111112113114115116117118119120121122123124125126127128129130131132133134135136137138139140141142143144145
6665646362616059585756555453525150494847464544434241403937363534353637724041424344454647484950515253545556575859606196646566676869707172737475767778798081828384119878889909192939495969798133101102103104105106107108109110111112113114115116117118119120121122123124125126127128129130131132133134135136137138139140141142143144145146
6766656463626160595857565554535251504948474645444342414038373635363738744142434445464748495051525354555657585960616298656667686970717273747576777879808182838485121888990919293949596979899135102103104105106107108109110111112113114115116117118119120121122123124125126127128129130131132133134135136137138139140141142143144145146147
10098969492908886848280787674727068666462605856545250484643413937383940774344454647484950515253545556575859606162636410167686970717273747576777879808182838485868712490919293949596979899100101138104105106107108109110111112113114115116117118119120121122123124125126127128129130131132133134135136137138139140141142143144145146147148149
70696867666564636261605958575655545352515049484746454443414039383940417944454647484950515253545556575859606162636465103686970717273747576777879808182838485868788126919293949596979899100101102140105106107108109110111112113114115116117118119120121122123124125126127128129130131132133134135136137138139140141142143144145146147148149150
717069686766656463626160595857565554535251504948474645444241403940414281454647484950515253545556575859606162636465661056970717273747576777879808182838485868788891289293949596979899100101102103142106107108109110111112113114115116117118119120121122123124125126127128129130131132133134135136137138139140141142143144145146147148149150151
7271706968676665646362616059585756555453525150494847464543424140414243834647484950515253545556575859606162636465666710770717273747576777879808182838485868788899013093949596979899100101102103104144107108109110111112113114115116117118119120121122123124125126127128129130131132133134135136137138139140141142143144145146147148149150151152
73727170696867666564636261605958575655545352515049484746444342414243448547484950515253545556575859606162636465666768109717273747576777879808182838485868788899091132949596979899100101102103104105146108109110111112113114115116117118119120121122123124125126127128129130131132133134135136137138139140141142143144145146147148149150151152153
747372717069686766656463626160595857565554535251504948474544434243444587484950515253545556575859606162636465666768691117273747576777879808182838485868788899091921349596979899100101102103104105106148109110111112113114115116117118119120121122123124125126127128129130131132133134135136137138139140141142143144145146147148149150151152153154
7574737271706968676665646362616059585756555453525150494846454443444546894950515253545556575859606162636465666768697011373747576777879808182838485868788899091929313696979899100101102103104105106107150110111112113114115116117118119120121122123124125126127128129130131132133134135136137138139140141142143144145146147148149150151152153154155
76757473727170696867666564636261605958575655545352515049474645444546479150515253545556575859606162636465666768697071115747576777879808182838485868788899091929394138979899100101102103104105106107108152111112113114115116117118119120121122123124125126127128129130131132133134135136137138139140141142143144145146147148149150151152153154155156
777675747372717069686766656463626160595857565554535251504847464546474893515253545556575859606162636465666768697071721177576777879808182838485868788899091929394951409899100101102103104105106107108109154112113114115116117118119120121122123124125126127128129130131132133134135136137138139140141142143144145146147148149150151152153154155156157
7877767574737271706968676665646362616059585756555453525149484746474849955253545556575859606162636465666768697071727311976777879808182838485868788899091929394959614299100101102103104105106107108109110156113114115116117118119120121122123124125126127128129130131132133134135136137138139140141142143144145146147148149150151152153154155156157158
79787776757473727170696867666564636261605958575655545352504948474849509753545556575859606162636465666768697071727374121777879808182838485868788899091929394959697144100101102103104105106107108109110111158114115116117118119120121122123124125126127128129130131132133134135136137138139140141142143144145146147148149150151152153154155156157158159
80797877767574737271706968676665646362616059585756555453515049484950519954555657585960616263646566676869707172737475123787980818283848586878889909192939495969798146101102103104105106107108109110111112160115116117118119120121122123124125126127128129130131132133134135136137138139140141142143144145146147148149150151152153154155156157158159160
818079787776757473727170696867666564636261605958575655545251504950515210155565758596061626364656667686970717273747576125798081828384858687888990919293949596979899148102103104105106107108109110111112113162116117118119120121122123124125126127128129130131132133134135136137138139140141142143144145146147148149150151152153154155156157158159160161
8281807978777675747372717069686766656463626160595857565553525150515253103565758596061626364656667686970717273747576771278081828384858687888990919293949596979899100150103104105106107108109110111112113114164117118119120121122123124125126127128129130131132133134135136137138139140141142143144145146147148149150151152153154155156157158159160161162
83828180797877767574737271706968676665646362616059585756545352515253541055758596061626364656667686970717273747576777812981828384858687888990919293949596979899100101152104105106107108109110111112113114115166118119120121122123124125126127128129130131132133134135136137138139140141142143144145146147148149150151152153154155156157158159160161162163
848382818079787776757473727170696867666564636261605958575554535253545510758596061626364656667686970717273747576777879131828384858687888990919293949596979899100101102154105106107108109110111112113114115116168119120121122123124125126127128129130131132133134135136137138139140141142143144145146147148149150151152153154155156157158159160161162163164
8584838281807978777675747372717069686766656463626160595856555453545556109596061626364656667686970717273747576777879801338384858687888990919293949596979899100101102103156106107108109110111112113114115116117170120121122123124125126127128129130131132133134135136137138139140141142143144145146147148149150151152153154155156157158159160161162163164165
86858483828180797877767574737271706968676665646362616059575655545556571116061626364656667686970717273747576777879808113584858687888990919293949596979899100101102103104158107108109110111112113114115116117118172121122123124125126127128129130131132133134135136137138139140141142143144145146147148149150151152153154155156157158159160161162163164165166
11911711511311110910710510310199979593918987858381797775737169676562605856575859114626364656667686970717273747576777879808182831388687888990919293949596979899100101102103104105106161109110111112113114115116117118119120175123124125126127128129130131132133134135136137138139140141142143144145146147148149150151152153154155156157158159160161162163164165166167168
89888786858483828180797877767574737271706968676665646362605958575859601166364656667686970717273747576777879808182838414087888990919293949596979899100101102103104105106107163110111112113114115116117118119120121177124125126127128129130131132133134135136137138139140141142143144145146147148149150151152153154155156157158159160161162163164165166167168169
908988878685848382818079787776757473727170696867666564636160595859606111864656667686970717273747576777879808182838485142888990919293949596979899100101102103104105106107108165111112113114115116117118119120121122179125126127128129130131132133134135136137138139140141142143144145146147148149150151152153154155156157158159160161162163164165166167168169170
9190898887868584838281807978777675747372717069686766656462616059606162120656667686970717273747576777879808182838485861448990919293949596979899100101102103104105106107108109167112113114115116117118119120121122123181126127128129130131132133134135136137138139140141142143144145146147148149150151152153154155156157158159160161162163164165166167168169170171
92919089888786858483828180797877767574737271706968676665636261606162631226667686970717273747576777879808182838485868714690919293949596979899100101102103104105106107108109110169113114115116117118119120121122123124183127128129130131132133134135136137138139140141142143144145146147148149150151152153154155156157158159160161162163164165166167168169170171172
12512312111911711511311110910710510310199979593918987858381797775737168666462636465125686970717273747576777879808182838485868788891499293949596979899100101102103104105106107108109110111112172115116117118119120121122123124125126186129130131132133134135136137138139140141142143144145146147148149150151152153154155156157158159160161162163164165166167168169170171172173174
95949392919089888786858483828180797877767574737271706968666564636465661276970717273747576777879808182838485868788899015193949596979899100101102103104105106107108109110111112113174116117118119120121122123124125126127188130131132133134135136137138139140141142143144145146147148149150151152153154155156157158159160161162163164165166167168169170171172173174175
969594939291908988878685848382818079787776757473727170696766656465666712970717273747576777879808182838485868788899091153949596979899100101102103104105106107108109110111112113114176117118119120121122123124125126127128190131132133134135136137138139140141142143144145146147148149150151152153154155156157158159160161162163164165166167168169170171172173174175176
9796959493929190898887868584838281807978777675747372717068676665666768131717273747576777879808182838485868788899091921559596979899100101102103104105106107108109110111112113114115178118119120121122123124125126127128129192132133134135136137138139140141142143144145146147148149150151152153154155156157158159160161162163164165166167168169170171172173174175176177
98979695949392919089888786858483828180797877767574737271696867666768691337273747576777879808182838485868788899091929315796979899100101102103104105106107108109110111112113114115116180119120121122123124125126127128129130194133134135136137138139140141142143144145146147148149150151152153154155156157158159160161162163164165166167168169170171172173174175176177178
999897969594939291908988878685848382818079787776757473727069686768697013573747576777879808182838485868788899091929394159979899100101102103104105106107108109110111112113114115116117182120121122123124125126127128129130131196134135136137138139140141142143144145146147148149150151152153154155156157158159160161162163164165166167168169170171172173174175176177178179
10099989796959493929190898887868584838281807978777675747371706968697071137747576777879808182838485868788899091929394951619899100101102103104105106107108109110111112113114115116117118184121122123124125126127128129130131132198135136137138139140141142143144145146147148149150151152153154155156157158159160161162163164165166167168169170171172173174175176177178179180
1011009998979695949392919089888786858483828180797877767574727170697071721397576777879808182838485868788899091929394959616399100101102103104105106107108109110111112113114115116117118119186122123124125126127128129130131132133200136137138139140141142143144145146147148149150151152153154155156157158159160161162163164165166167168169170171172173174175176177178179180181
102101100999897969594939291908988878685848382818079787776757372717071727314176777879808182838485868788899091929394959697165100101102103104105106107108109110111112113114115116117118119120188123124125126127128129130131132133134202137138139140141142143144145146147148149150151152153154155156157158159160161162163164165166167168169170171172173174175176177178179180181182
1031021011009998979695949392919089888786858483828180797877767473727172737414377787980818283848586878889909192939495969798167101102103104105106107108109110111112113114115116117118119120121190124125126127128129130131132133134135204138139140141142143144145146147148149150151152153154155156157158159160161162163164165166167168169170171172173174175176177178179180181182183
10410310210110099989796959493929190898887868584838281807978777574737273747514578798081828384858687888990919293949596979899169102103104105106107108109110111112113114115116117118119120121122192125126127128129130131132133134135136206139140141142143144145146147148149150151152153154155156157158159160161162163164165166167168169170171172173174175176177178179180181182183184
1051041031021011009998979695949392919089888786858483828180797876757473747576147798081828384858687888990919293949596979899100171103104105106107108109110111112113114115116117118119120121122123194126127128129130131132133134135136137208140141142143144145146147148149150151152153154155156157158159160161162163164165166167168169170171172173174175176177178179180181182183184185
106105104103102101100999897969594939291908988878685848382818079777675747576771498081828384858687888990919293949596979899100101173104105106107108109110111112113114115116117118119120121122123124196127128129130131132133134135136137138210141142143144145146147148149150151152153154155156157158159160161162163164165166167168169170171172173174175176177178179180181182183184185186
10710610510410310210110099989796959493929190898887868584838281807877767576777815181828384858687888990919293949596979899100101102175105106107108109110111112113114115116117118119120121122123124125198128129130131132133134135136137138139212142143144145146147148149150151152153154155156157158159160161162163164165166167168169170171172173174175176177178179180181182183184185186187
1081071061051041031021011009998979695949392919089888786858483828179787776777879153828384858687888990919293949596979899100101102103177106107108109110111112113114115116117118119120121122123124125126200129130131132133134135136137138139140214143144145146147148149150151152153154155156157158159160161162163164165166167168169170171172173174175176177178179180181182183184185186187188
109108107106105104103102101100999897969594939291908988878685848382807978777879801558384858687888990919293949596979899100101102103104179107108109110111112113114115116117118119120121122123124125126127202130131132133134135136137138139140141216144145146147148149150151152153154155156157158159160161162163164165166167168169170171172173174175176177178179180181182183184185186187188189
11010910810710610510410310210110099989796959493929190898887868584838180797879808115784858687888990919293949596979899100101102103104105181108109110111112113114115116117118119120121122123124125126127128204131132133134135136137138139140141142218145146147148149150151152153154155156157158159160161162163164165166167168169170171172173174175176177178179180181182183184185186187188189190
1111101091081071061051041031021011009998979695949392919089888786858482818079808182159858687888990919293949596979899100101102103104105106183109110111112113114115116117118119120121122123124125126127128129206132133134135136137138139140141142143220146147148149150151152153154155156157158159160161162163164165166167168169170171172173174175176177178179180181182183184185186187188189190191
112111110109108107106105104103102101100999897969594939291908988878685838281808182831618687888990919293949596979899100101102103104105106107185110111112113114115116117118119120121122123124125126127128129130208133134135136137138139140141142143144222147148149150151152153154155156157158159160161162163164165166167168169170171172173174175176177178179180181182183184185186187188189190191192
11311211111010910810710610510410310210110099989796959493929190898887868483828182838416387888990919293949596979899100101102103104105106107108187111112113114115116117118119120121122123124125126127128129130131210134135136137138139140141142143144145224148149150151152153154155156157158159160161162163164165166167168169170171172173174175176177178179180181182183184185186187188189190191192193
1141131121111101091081071061051041031021011009998979695949392919089888785848382838485165888990919293949596979899100101102103104105106107108109189112113114115116117118119120121122123124125126127128129130131132212135136137138139140141142143144145146226149150151152153154155156157158159160161162163164165166167168169170171172173174175176177178179180181182183184185186187188189190191192193194
115114113112111110109108107106105104103102101100999897969594939291908988868584838485861678990919293949596979899100101102103104105106107108109110191113114115116117118119120121122123124125126127128129130131132133214136137138139140141142143144145146147228150151152153154155156157158159160161162163164165166167168169170171172173174175176177178179180181182183184185186187188189190191192193194195
14814614414214013813613413213012812612412212011811611411211010810610410210098969491898785868788170919293949596979899100101102103104105106107108109110111112194115116117118119120121122123124125126127128129130131132133134135217138139140141142143144145146147148149231152153154155156157158159160161162163164165166167168169170171172173174175176177178179180181182183184185186187188189190191192193194195196197
118117116115114113112111110109108107106105104103102101100999897969594939291898887868788891729293949596979899100101102103104105106107108109110111112113196116117118119120121122123124125126127128129130131132133134135136219139140141142143144145146147148149150233153154155156157158159160161162163164165166167168169170171172173174175176177178179180181182183184185186187188189190191192193194195196197198
11911811711611511411311211111010910810710610510410310210110099989796959493929089888788899017493949596979899100101102103104105106107108109110111112113114198117118119120121122123124125126127128129130131132133134135136137221140141142143144145146147148149150151235154155156157158159160161162163164165166167168169170171172173174175176177178179180181182183184185186187188189190191192193194195196197198199
1201191181171161151141131121111101091081071061051041031021011009998979695949391908988899091176949596979899100101102103104105106107108109110111112113114115200118119120121122123124125126127128129130131132133134135136137138223141142143144145146147148149150151152237155156157158159160161162163164165166167168169170171172173174175176177178179180181182183184185186187188189190191192193194195196197198199200
121120119118117116115114113112111110109108107106105104103102101100999897969594929190899091921789596979899100101102103104105106107108109110111112113114115116202119120121122123124125126127128129130131132133134135136137138139225142143144145146147148149150151152153239156157158159160161162163164165166167168169170171172173174175176177178179180181182183184185186187188189190191192193194195196197198199200201
12212112011911811711611511411311211111010910810710610510410310210110099989796959392919091929318096979899100101102103104105106107108109110111112113114115116117204120121122123124125126127128129130131132133134135136137138139140227143144145146147148149150151152153154241157158159160161162163164165166167168169170171172173174175176177178179180181182183184185186187188189190191192193194195196197198199200201202
1231221211201191181171161151141131121111101091081071061051041031021011009998979694939291929394182979899100101102103104105106107108109110111112113114115116117118206121122123124125126127128129130131132133134135136137138139140141229144145146147148149150151152153154155243158159160161162163164165166167168169170171172173174175176177178179180181182183184185186187188189190191192193194195196197198199200201202203
124123122121120119118117116115114113112111110109108107106105104103102101100999897959493929394951849899100101102103104105106107108109110111112113114115116117118119208122123124125126127128129130131132133134135136137138139140141142231145146147148149150151152153154155156245159160161162163164165166167168169170171172173174175176177178179180181182183184185186187188189190191192193194195196197198199200201202203204
12512412312212112011911811711611511411311211111010910810710610510410310210110099989695949394959618699100101102103104105106107108109110111112113114115116117118119120210123124125126127128129130131132133134135136137138139140141142143233146147148149150151152153154155156157247160161162163164165166167168169170171172173174175176177178179180181182183184185186187188189190191192193194195196197198199200201202203204205
1261251241231221211201191181171161151141131121111101091081071061051041031021011009997969594959697188100101102103104105106107108109110111112113114115116117118119120121212124125126127128129130131132133134135136137138139140141142143144235147148149150151152153154155156157158249161162163164165166167168169170171172173174175176177178179180181182183184185186187188189190191192193194195196197198199200201202203204205206
12712612512412312212112011911811711611511411311211111010910810710610510410310210110098979695969798190101102103104105106107108109110111112113114115116117118119120121122214125126127128129130131132133134135136137138139140141142143144145237148149150151152153154155156157158159251162163164165166167168169170171172173174175176177178179180181182183184185186187188189190191192193194195196197198199200201202203204205206207
12812712612512412312212112011911811711611511411311211111010910810710610510410310210199989796979899192102103104105106107108109110111112113114115116117118119120121122123216126127128129130131132133134135136137138139140141142143144145146239149150151152153154155156157158159160253163164165166167168169170171172173174175176177178179180181182183184185186187188189190191192193194195196197198199200201202203204205206207208
1291281271261251241231221211201191181171161151141131121111101091081071061051041031021009998979899100194103104105106107108109110111112113114115116117118119120121122123124218127128129130131132133134135136137138139140141142143144145146147241150151152153154155156157158159160161255164165166167168169170171172173174175176177178179180181182183184185186187188189190191192193194195196197198199200201202203204205206207208209
130129128127126125124123122121120119118117116115114113112111110109108107106105104103101100999899100101196104105106107108109110111112113114115116117118119120121122123124125220128129130131132133134135136137138139140141142143144145146147148243151152153154155156157158159160161162257165166167168169170171172173174175176177178179180181182183184185186187188189190191192193194195196197198199200201202203204205206207208209210
13113012912812712612512412312212112011911811711611511411311211111010910810710610510410210110099100101102198105106107108109110111112113114115116117118119120121122123124125126222129130131132133134135136137138139140141142143144145146147148149245152153154155156157158159160161162163259166167168169170171172173174175176177178179180181182183184185186187188189190191192193194195196197198199200201202203204205206207208209210211
132131130129128127126125124123122121120119118117116115114113112111110109108107106105103102101100101102103200106107108109110111112113114115116117118119120121122123124125126127224130131132133134135136137138139140141142143144145146147148149150247153154155156157158159160161162163164261167168169170171172173174175176177178179180181182183184185186187188189190191192193194195196197198199200201202203204205206207208209210211212
133132131130129128127126125124123122121120119118117116115114113112111110109108107106104103102101102103104202107108109110111112113114115116117118119120121122123124125126127128226131132133134135136137138139140141142143144145146147148149150151249154155156157158159160161162163164165263168169170171172173174175176177178179180181182183184185186187188189190191192193194195196197198199200201202203204205206207208209210211212213
134133132131130129128127126125124123122121120119118117116115114113112111110109108107105104103102103104105204108109110111112113114115116117118119120121122123124125126127128129228132133134135136137138139140141142143144145146147148149150151152251155156157158159160161162163164165166265169170171172173174175176177178179180181182183184185186187188189190191192193194195196197198199200201202203204205206207208209210211212213214
135134133132131130129128127126125124123122121120119118117116115114113112111110109108106105104103104105106206109110111112113114115116117118119120121122123124125126127128129130230133134135136137138139140141142143144145146147148149150151152153253156157158159160161162163164165166167267170171172173174175176177178179180181182183184185186187188189190191192193194195196197198199200201202203204205206207208209210211212213214215
136135134133132131130129128127126125124123122121120119118117116115114113112111110109107106105104105106107208110111112113114115116117118119120121122123124125126127128129130131232134135136137138139140141142143144145146147148149150151152153154255157158159160161162163164165166167168269171172173174175176177178179180181182183184185186187188189190191192193194195196197198199200201202203204205206207208209210211212213214215216
137136135134133132131130129128127126125124123122121120119118117116115114113112111110108107106105106107108210111112113114115116117118119120121122123124125126127128129130131132234135136137138139140141142143144145146147148149150151152153154155257158159160161162163164165166167168169271172173174175176177178179180181182183184185186187188189190191192193194195196197198199200201202203204205206207208209210211212213214215216217
138137136135134133132131130129128127126125124123122121120119118117116115114113112111109108107106107108109212112113114115116117118119120121122123124125126127128129130131132133236136137138139140141142143144145146147148149150151152153154155156259159160161162163164165166167168169170273173174175176177178179180181182183184185186187188189190191192193194195196197198199200201202203204205206207208209210211212213214215216217218
139138137136135134133132131130129128127126125124123122121120119118117116115114113112110109108107108109110214113114115116117118119120121122123124125126127128129130131132133134238137138139140141142143144145146147148149150151152153154155156157261160161162163164165166167168169170171275174175176177178179180181182183184185186187188189190191192193194195196197198199200201202203204205206207208209210211212213214215216217218219
140139138137136135134133132131130129128127126125124123122121120119118117116115114113111110109108109110111216114115116117118119120121122123124125126127128129130131132133134135240138139140141142143144145146147148149150151152153154155156157158263161162163164165166167168169170171172277175176177178179180181182183184185186187188189190191192193194195196197198199200201202203204205206207208209210211212213214215216217218219220
141140139138137136135134133132131130129128127126125124123122121120119118117116115114112111110109110111112218115116117118119120121122123124125126127128129130131132133134135136242139140141142143144145146147148149150151152153154155156157158159265162163164165166167168169170171172173279176177178179180181182183184185186187188189190191192193194195196197198199200201202203204205206207208209210211212213214215216217218219220221
142141140139138137136135134133132131130129128127126125124123122121120119118117116115113112111110111112113220116117118119120121122123124125126127128129130131132133134135136137244140141142143144145146147148149150151152153154155156157158159160267163164165166167168169170171172173174281177178179180181182183184185186187188189190191192193194195196197198199200201202203204205206207208209210211212213214215216217218219220221222
143142141140139138137136135134133132131130129128127126125124123122121120119118117116114113112111112113114222117118119120121122123124125126127128129130131132133134135136137138246141142143144145146147148149150151152153154155156157158159160161269164165166167168169170171172173174175283178179180181182183184185186187188189190191192193194195196197198199200201202203204205206207208209210211212213214215216217218219220221222223
144143142141140139138137136135134133132131130129128127126125124123122121120119118117115114113112113114115224118119120121122123124125126127128129130131132133134135136137138139248142143144145146147148149150151152153154155156157158159160161162271165166167168169170171172173174175176285179180181182183184185186187188189190191192193194195196197198199200201202203204205206207208209210211212213214215216217218219220221222223224
145144143142141140139138137136135134133132131130129128127126125124123122121120119118116115114113114115116226119120121122123124125126127128129130131132133134135136137138139140250143144145146147148149150151152153154155156157158159160161162163273166167168169170171172173174175176177287180181182183184185186187188189190191192193194195196197198199200201202203204205206207208209210211212213214215216217218219220221222223224225
146145144143142141140139138137136135134133132131130129128127126125124123122121120119117116115114115116117228120121122123124125126127128129130131132133134135136137138139140141252144145146147148149150151152153154155156157158159160161162163164275167168169170171172173174175176177178289181182183184185186187188189190191192193194195196197198199200201202203204205206207208209210211212213214215216217218219220221222223224225226
147146145144143142141140139138137136135134133132131130129128127126125124123122121120118117116115116117118230121122123124125126127128129130131132133134135136137138139140141142254145146147148149150151152153154155156157158159160161162163164165277168169170171172173174175176177178179291182183184185186187188189190191192193194195196197198199200201202203204205206207208209210211212213214215216217218219220221222223224225226227
148147146145144143142141140139138137136135134133132131130129128127126125124123122121119118117116117118119232122123124125126127128129130131132133134135136137138139140141142143256146147148149150151152153154155156157158159160161162163164165166279169170171172173174175176177178179180293183184185186187188189190191192193194195196197198199200201202203204205206207208209210211212213214215216217218219220221222223224225226227228
149148147146145144143142141140139138137136135134133132131130129128127126125124123122120119118117118119120234123124125126127128129130131132133134135136137138139140141142143144258147148149150151152153154155156157158159160161162163164165166167281170171172173174175176177178179180181295184185186187188189190191192193194195196197198199200201202203204205206207208209210211212213214215216217218219220221222223224225226227228229
150149148147146145144143142141140139138137136135134133132131130129128127126125124123121120119118119120121236124125126127128129130131132133134135136137138139140141142143144145260148149150151152153154155156157158159160161162163164165166167168283171172173174175176177178179180181182297185186187188189190191192193194195196197198199200201202203204205206207208209210211212213214215216217218219220221222223224225226227228229230
151150149148147146145144143142141140139138137136135134133132131130129128127126125124122121120119120121122238125126127128129130131132133134135136137138139140141142143144145146262149150151152153154155156157158159160161162163164165166167168169285172173174175176177178179180181182183299186187188189190191192193194195196197198199200201202203204205206207208209210211212213214215216217218219220221222223224225226227228229230231
152151150149148147146145144143142141140139138137136135134133132131130129128127126125123122121120121122123240126127128129130131132133134135136137138139140141142143144145146147264150151152153154155156157158159160161162163164165166167168169170287173174175176177178179180181182183184301187188189190191192193194195196197198199200201202203204205206207208209210211212213214215216217218219220221222223224225226227228229230231232
153152151150149148147146145144143142141140139138137136135134133132131130129128127126124123122121122123124242127128129130131132133134135136137138139140141142143144145146147148266151152153154155156157158159160161162163164165166167168169170171289174175176177178179180181182183184185303188189190191192193194195196197198199200201202203204205206207208209210211212213214215216217218219220221222223224225226227228229230231232233
154153152151150149148147146145144143142141140139138137136135134133132131130129128127125124123122123124125244128129130131132133134135136137138139140141142143144145146147148149268152153154155156157158159160161162163164165166167168169170171172291175176177178179180181182183184185186305189190191192193194195196197198199200201202203204205206207208209210211212213214215216217218219220221222223224225226227228229230231232233234
155154153152151150149148147146145144143142141140139138137136135134133132131130129128126125124123124125126246129130131132133134135136137138139140141142143144145146147148149150270153154155156157158159160161162163164165166167168169170171172173293176177178179180181182183184185186187307190191192193194195196197198199200201202203204205206207208209210211212213214215216217218219220221222223224225226227228229230231232233234235
156155154153152151150149148147146145144143142141140139138137136135134133132131130129127126125124125126127248130131132133134135136137138139140141142143144145146147148149150151272154155156157158159160161162163164165166167168169170171172173174295177178179180181182183184185186187188309191192193194195196197198199200201202203204205206207208209210211212213214215216217218219220221222223224225226227228229230231232233234235236
157156155154153152151150149148147146145144143142141140139138137136135134133132131130128127126125126127128250131132133134135136137138139140141142143144145146147148149150151152274155156157158159160161162163164165166167168169170171172173174175297178179180181182183184185186187188189311192193194195196197198199200201202203204205206207208209210211212213214215216217218219220221222223224225226227228229230231232233234235236237
158157156155154153152151150149148147146145144143142141140139138137136135134133132131129128127126127128129252132133134135136137138139140141142143144145146147148149150151152153276156157158159160161162163164165166167168169170171172173174175176299179180181182183184185186187188189190313193194195196197198199200201202203204205206207208209210211212213214215216217218219220221222223224225226227228229230231232233234235236237238
159158157156155154153152151150149148147146145144143142141140139138137136135134133132130129128127128129130254133134135136137138139140141142143144145146147148149150151152153154278157158159160161162163164165166167168169170171172173174175176177301180181182183184185186187188189190191315194195196197198199200201202203204205206207208209210211212213214215216217218219220221222223224225226227228229230231232233234235236237238239
160159158157156155154153152151150149148147146145144143142141140139138137136135134133131130129128129130131256134135136137138139140141142143144145146147148149150151152153154155280158159160161162163164165166167168169170171172173174175176177178303181182183184185186187188189190191192317195196197198199200201202203204205206207208209210211212213214215216217218219220221222223224225226227228229230231232233234235236237238239240
161160159158157156155154153152151150149148147146145144143142141140139138137136135134132131130129130131132258135136137138139140141142143144145146147148149150151152153154155156282159160161162163164165166167168169170171172173174175176177178179305182183184185186187188189190191192193319196197198199200201202203204205206207208209210211212213214215216217218219220221222223224225226227228229230231232233234235236237238239240241
162161160159158157156155154153152151150149148147146145144143142141140139138137136135133132131130131132133260136137138139140141142143144145146147148149150151152153154155156157284160161162163164165166167168169170171172173174175176177178179180307183184185186187188189190191192193194321197198199200201202203204205206207208209210211212213214215216217218219220221222223224225226227228229230231232233234235236237238239240241242
163162161160159158157156155154153152151150149148147146145144143142141140139138137136134133132131132133134262137138139140141142143144145146147148149150151152153154155156157158286161162163164165166167168169170171172173174175176177178179180181309184185186187188189190191192193194195323198199200201202203204205206207208209210211212213214215216217218219220221222223224225226227228229230231232233234235236237238239240241242243
164163162161160159158157156155154153152151150149148147146145144143142141140139138137135134133132133134135264138139140141142143144145146147148149150151152153154155156157158159288162163164165166167168169170171172173174175176177178179180181182311185186187188189190191192193194195196325199200201202203204205206207208209210211212213214215216217218219220221222223224225226227228229230231232233234235236237238239240241242243244
165164163162161160159158157156155154153152151150149148147146145144143142141140139138136135134133134135136266139140141142143144145146147148149150151152153154155156157158159160290163164165166167168169170171172173174175176177178179180181182183313186187188189190191192193194195196197327200201202203204205206207208209210211212213214215216217218219220221222223224225226227228229230231232233234235236237238239240241242243244245
166165164163162161160159158157156155154153152151150149148147146145144143142141140139137136135134135136137268140141142143144145146147148149150151152153154155156157158159160161292164165166167168169170171172173174175176177178179180181182183184315187188189190191192193194195196197198329201202203204205206207208209210211212213214215216217218219220221222223224225226227228229230231232233234235236237238239240241242243244245246
167166165164163162161160159158157156155154153152151150149148147146145144143142141140138137136135136137138270141142143144145146147148149150151152153154155156157158159160161162294165166167168169170171172173174175176177178179180181182183184185317188189190191192193194195196197198199331202203204205206207208209210211212213214215216217218219220221222223224225226227228229230231232233234235236237238239240241242243244245246247
168167166165164163162161160159158157156155154153152151150149148147146145144143142141139138137136137138139272142143144145146147148149150151152153154155156157158159160161162163296166167168169170171172173174175176177178179180181182183184185186319189190191192193194195196197198199200333203204205206207208209210211212213214215216217218219220221222223224225226227228229230231232233234235236237238239240241242243244245246247248
169168167166165164163162161160159158157156155154153152151150149148147146145144143142140139138137138139140274143144145146147148149150151152153154155156157158159160161162163164298167168169170171172173174175176177178179180181182183184185186187321190191192193194195196197198199200201335204205206207208209210211212213214215216217218219220221222223224225226227228229230231232233234235236237238239240241242243244245246247248249
170169168167166165164163162161160159158157156155154153152151150149148147146145144143141140139138139140141276144145146147148149150151152153154155156157158159160161162163164165300168169170171172173174175176177178179180181182183184185186187188323191192193194195196197198199200201202337205206207208209210211212213214215216217218219220221222223224225226227228229230231232233234235236237238239240241242243244245246247248249250
171170169168167166165164163162161160159158157156155154153152151150149148147146145144142141140139140141142278145146147148149150151152153154155156157158159160161162163164165166302169170171172173174175176177178179180181182183184185186187188189325192193194195196197198199200201202203339206207208209210211212213214215216217218219220221222223224225226227228229230231232233234235236237238239240241242243244245246247248249250251
172171170169168167166165164163162161160159158157156155154153152151150149148147146145143142141140141142143280146147148149150151152153154155156157158159160161162163164165166167304170171172173174175176177178179180181182183184185186187188189190327193194195196197198199200201202203204341207208209210211212213214215216217218219220221222223224225226227228229230231232233234235236237238239240241242243244245246247248249250251252
173172171170169168167166165164163162161160159158157156155154153152151150149148147146144143142141142143144282147148149150151152153154155156157158159160161162163164165166167168306171172173174175176177178179180181182183184185186187188189190191329194195196197198199200201202203204205343208209210211212213214215216217218219220221222223224225226227228229230231232233234235236237238239240241242243244245246247248249250251252253
174173172171170169168167166165164163162161160159158157156155154153152151150149148147145144143142143144145284148149150151152153154155156157158159160161162163164165166167168169308172173174175176177178179180181182183184185186187188189190191192331195196197198199200201202203204205206345209210211212213214215216217218219220221222223224225226227228229230231232233234235236237238239240241242243244245246247248249250251252253254
