787776757473727170696867666564636261605958575655545352514948474645444342403938373635343332313029282726252423222120191816151413121110987654321234568910111213141516171819202223242526272829303132333435363738394041424344454647484950515253545556575859606162636465666768
7776757473727170696867666564636261605958575655545352515048474645444342413938373635343332313029282726252423222120191817151413121110987654321012345789101112131415161718192122232425262728293031323334353637383940414243444546474849505152535455565758596061626364656667
787776757473727170696867666564636261605958575655545352514948474645444342403938373635343332313029282726252423222120191816151413121110987654321234569910111213141516171819202323242526272829303132333435363738394041424344454647484950515253545556575859606162636465666768
797877767574737271706968676665646362616059585756555453525049484746454443414039383736353433323130292827262524232221201917161514131211109876543234567111011121314151617181920212524252627282930313233343536373839404142434445464748495051525354555657585960616263646566676869
8079787776757473727170696867666564636261605958575655545351504948474645444241403938373635343332313029282726252423222120181716151413121110987654345678131112131415161718192021222725262728293031323334353637383940414243444546474849505152535455565758596061626364656667686970
81807978777675747372717069686766656463626160595857565554525150494847464543424140393837363534333231302928272625242322211918171615141312111098765456789151213141516171819202122232926272829303132333435363738394041424344454647484950515253545556575859606162636465666768697071
8281807978777675747372717069686766656463626160595857565553525150494847464443424140393837363534333231302928272625242322201918171615141312111098765678910171314151617181920212223243127282930313233343536373839404142434445464748495051525354555657585960616263646566676869707172
838281807978777675747372717069686766656463626160595857565453525150494847454443424140393837363534333231302928272625242321201918171615141312111098767891011191415161718192021222324253328293031323334353637383940414243444546474849505152535455565758596061626364656667686970717273
84838281807978777675747372717069686766656463626160595857555453525150494846454443424140393837363534333231302928272625242221201918171615141312111098789101112211516171819202122232425263529303132333435363738394041424344454647484950515253545556575859606162636465666768697071727374
8584838281807978777675747372717069686766656463626160595856555453525150494746454443424140393837363534333231302928272625232221201918171615141312111098910111213231617181920212223242526273730313233343536373839404142434445464748495051525354555657585960616263646566676869707172737475
868584838281807978777675747372717069686766656463626160595756555453525150484746454443424140393837363534333231302928272624232221201918171615141312111091011121314251718192021222324252627283931323334353637383940414243444546474849505152535455565758596061626364656667686970717273747576
8786858483828180797877767574737271706968676665646362616058575655545352514948474645444342414039383736353433323130292827252423222120191817161514131211101112131415271819202122232425262728294132333435363738394041424344454647484950515253545556575859606162636465666768697071727374757677
8887868584838281807978777675747372717069686766656463626159585756555453525049484746454443424140393837363534333231302928262524232221201918171615141312111213141516291920212223242526272829304333343536373839404142434445464748495051525354555657585960616263646566676869707172737475767778
8988878685848382818079787776757473727170696867666564636260595857565554535150494847464544434241403938373635343332313029272625242322212019181716151413121314151617312021222324252627282930314534353637383940414243444546474849505152535455565758596061626364656667686970717273747576777879
9089888786858483828180797877767574737271706968676665646361605958575655545251504948474645444342414039383736353433323130282726252423222120191817161514131415161718332122232425262728293031324735363738394041424344454647484950515253545556575859606162636465666768697071727374757677787980
9190898887868584838281807978777675747372717069686766656462616059585756555352515049484746454443424140393837363534333231292827262524232221201918171615141516171819352223242526272829303132334936373839404142434445464748495051525354555657585960616263646566676869707172737475767778798081
9291908988878685848382818079787776757473727170696867666563626160595857565453525150494847464544434241403938373635343332302928272625242322212019181716151617181920372324252627282930313233345137383940414243444546474849505152535455565758596061626364656667686970717273747576777879808182
9392919089888786858483828180797877767574737271706968676664636261605958575554535251504948474645444342414039383736353433313029282726252423222120191817161718192021392425262728293031323334355338394041424344454647484950515253545556575859606162636465666768697071727374757677787980818283
9493929190898887868584838281807978777675747372717069686765646362616059585655545352515049484746454443424140393837363534323130292827262524232221201918171819202122412526272829303132333435365539404142434445464748495051525354555657585960616263646566676869707172737475767778798081828384
9594939291908988878685848382818079787776757473727170696866656463626160595756555453525150494847464544434241403938373635333231302928272625242322212019181920212223432627282930313233343536375740414243444546474849505152535455565758596061626364656667686970717273747576777879808182838485
9695949392919089888786858483828180797877767574737271706967666564636261605857565554535251504948474645444342414039383736343332313029282726252423222120192021222324452728293031323334353637385941424344454647484950515253545556575859606162636465666768697071727374757677787980818283848586
9796959493929190898887868584838281807978777675747372717068676665646362615958575655545352515049484746454443424140393837353433323130292827262524232221202122232425472829303132333435363738396142434445464748495051525354555657585960616263646566676869707172737475767778798081828384858687
9897969594939291908988878685848382818079787776757473727169686766656463626059585756555453525150494847464544434241403938363534333231302928272625242322212223242526492930313233343536373839406343444546474849505152535455565758596061626364656667686970717273747576777879808182838485868788
9998979695949392919089888786858483828180797877767574737270696867666564636160595857565554535251504948474645444342414039373635343332313029282726252423222324252627513031323334353637383940416544454647484950515253545556575859606162636465666768697071727374757677787980818283848586878889
10099989796959493929190898887868584838281807978777675747371706968676665646261605958575655545352515049484746454443424140383736353433323130292827262524232425262728533132333435363738394041426745464748495051525354555657585960616263646566676869707172737475767778798081828384858687888990
101100999897969594939291908988878685848382818079787776757472717069686766656362616059585756555453525150494847464544434241393837363534333231302928272625242526272829553233343536373839404142436946474849505152535455565758596061626364656667686970717273747576777879808182838485868788899091
1021011009998979695949392919089888786858483828180797877767573727170696867666463626160595857565554535251504948474645444342403938373635343332313029282726252627282930573334353637383940414243447147484950515253545556575859606162636465666768697071727374757677787980818283848586878889909192
10310210110099989796959493929190898887868584838281807978777674737271706968676564636261605958575655545352515049484746454443414039383736353433323130292827262728293031593435363738394041424344457348495051525354555657585960616263646566676869707172737475767778798081828384858687888990919293
104103102101100999897969594939291908988878685848382818079787775747372717069686665646362616059585756555453525150494847464544424140393837363534333231302928272829303132613536373839404142434445467549505152535455565758596061626364656667686970717273747576777879808182838485868788899091929394
1051041031021011009998979695949392919089888786858483828180797876757473727170696766656463626160595857565554535251504948474645434241403938373635343332313029282930313233633637383940414243444546477750515253545556575859606162636465666768697071727374757677787980818283848586878889909192939495
10610510410310210110099989796959493929190898887868584838281807977767574737271706867666564636261605958575655545352515049484746444342414039383736353433323130293031323334653738394041424344454647487951525354555657585960616263646566676869707172737475767778798081828384858687888990919293949596
107106105104103102101100999897969594939291908988878685848382818078777675747372716968676665646362616059585756555453525150494847454443424140393837363534333231303132333435673839404142434445464748498152535455565758596061626364656667686970717273747576777879808182838485868788899091929394959697
1081071061051041031021011009998979695949392919089888786858483828179787776757473727069686766656463626160595857565554535251504948464544434241403938373635343332313233343536693940414243444546474849508353545556575859606162636465666768697071727374757677787980818283848586878889909192939495969798
10910810710610510410310210110099989796959493929190898887868584838280797877767574737170696867666564636261605958575655545352515049474645444342414039383736353433323334353637714041424344454647484950518554555657585960616263646566676869707172737475767778798081828384858687888990919293949596979899
185183181179177175173171169167165163161159157155153151149147145143141139137135133131128126124122120118116114111109107105103101999795939189878583817977757371696764626058565452504846444240383634353637383974424344454647484950515253885657585960616263646566676869707172737475767778798081828384858687888990919293949596979899100101
11211111010910810710610510410310210110099989796959493929190898887868583828180797877767473727170696867666564636261605958575655545352504948474645444342414039383736353637383940764344454647484950515253549057585960616263646566676869707172737475767778798081828384858687888990919293949596979899100101102
1131121111101091081071061051041031021011009998979695949392919089888786848382818079787775747372717069686766656463626160595857565554535150494847464544434241403938373637383940417844454647484950515253545592585960616263646566676869707172737475767778798081828384858687888990919293949596979899100101102103
189187185183181179177175173171169167165163161159157155153151149147145143141139137135132130128126124122120118115113111109107105103101999795939189878583817977757371686664626058565452504846444240383940414243814647484950515253545556579560616263646566676869707172737475767778798081828384858687888990919293949596979899100101102103104105
1161151141131121111101091081071061051041031021011009998979695949392919089878685848382818078777675747372717069686766656463626160595857565453525150494847464544434241403940414243448347484950515253545556575897616263646566676869707172737475767778798081828384858687888990919293949596979899100101102103104105106
117116115114113112111110109108107106105104103102101100999897969594939291908887868584838281797877767574737271706968676665646362616059585755545352515049484746454443424140414243444585484950515253545556575859996263646566676869707172737475767778798081828384858687888990919293949596979899100101102103104105106107
118117116115114113112111110109108107106105104103102101100999897969594939291898887868584838280797877767574737271706968676665646362616059585655545352515049484746454443424142434445468749505152535455565758596010163646566676869707172737475767778798081828384858687888990919293949596979899100101102103104105106107108
11911811711611511411311211111010910810710610510410310210110099989796959493929089888786858483818079787776757473727170696867666564636261605957565554535251504948474645444342434445464789505152535455565758596061103646566676869707172737475767778798081828384858687888990919293949596979899100101102103104105106107108109
1201191181171161151141131121111101091081071061051041031021011009998979695949391908988878685848281807978777675747372717069686766656463626160585756555453525150494847464544434445464748915152535455565758596061621056566676869707172737475767778798081828384858687888990919293949596979899100101102103104105106107108109110
121120119118117116115114113112111110109108107106105104103102101100999897969594929190898887868583828180797877767574737271706968676665646362615958575655545352515049484746454445464748499352535455565758596061626310766676869707172737475767778798081828384858687888990919293949596979899100101102103104105106107108109110111
12212112011911811711611511411311211111010910810710610510410310210110099989796959392919089888786848382818079787776757473727170696867666564636260595857565554535251504948474645464748495095535455565758596061626364109676869707172737475767778798081828384858687888990919293949596979899100101102103104105106107108109110111112
1231221211201191181171161151141131121111101091081071061051041031021011009998979694939291908988878584838281807978777675747372717069686766656463616059585756555453525150494847464748495051975455565758596061626364651116869707172737475767778798081828384858687888990919293949596979899100101102103104105106107108109110111112113
124123122121120119118117116115114113112111110109108107106105104103102101100999897959493929190898886858483828180797877767574737271706968676665646261605958575655545352515049484748495051529955565758596061626364656611369707172737475767778798081828384858687888990919293949596979899100101102103104105106107108109110111112113114
125124123122121120119118117116115114113112111110109108107106105104103102101100999896959493929190898786858483828180797877767574737271706968676665636261605958575655545352515049484950515253101565758596061626364656667115707172737475767778798081828384858687888990919293949596979899100101102103104105106107108109110111112113114115
12612512412312212112011911811711611511411311211111010910810710610510410310210110099979695949392919088878685848382818079787776757473727170696867666463626160595857565554535251504950515253541035758596061626364656667681177172737475767778798081828384858687888990919293949596979899100101102103104105106107108109110111112113114115116
1271261251241231221211201191181171161151141131121111101091081071061051041031021011009897969594939291898887868584838281807978777675747372717069686765646362616059585756555453525150515253545510558596061626364656667686911972737475767778798081828384858687888990919293949596979899100101102103104105106107108109110111112113114115116117
12812712612512412312212112011911811711611511411311211111010910810710610510410310210199989796959493929089888786858483828180797877767574737271706968666564636261605958575655545352515253545556107596061626364656667686970121737475767778798081828384858687888990919293949596979899100101102103104105106107108109110111112113114115116117118
1291281271261251241231221211201191181171161151141131121111101091081071061051041031021009998979695949391908988878685848382818079787776757473727170696766656463626160595857565554535253545556571096061626364656667686970711237475767778798081828384858687888990919293949596979899100101102103104105106107108109110111112113114115116117118119
130129128127126125124123122121120119118117116115114113112111110109108107106105104103101100999897969594929190898887868584838281807978777675747372717068676665646362616059585756555453545556575811161626364656667686970717212575767778798081828384858687888990919293949596979899100101102103104105106107108109110111112113114115116117118119120
13113012912812712612512412312212112011911811711611511411311211111010910810710610510410210110099989796959392919089888786858483828180797877767574737271696867666564636261605958575655545556575859113626364656667686970717273127767778798081828384858687888990919293949596979899100101102103104105106107108109110111112113114115116117118119120121
1321311301291281271261251241231221211201191181171161151141131121111101091081071061051031021011009998979694939291908988878685848382818079787776757473727069686766656463626160595857565556575859601156364656667686970717273741297778798081828384858687888990919293949596979899100101102103104105106107108109110111112113114115116117118119120121122
2082062042022001981961941921901881861841821801781761741721701681661641621601581561541511491471451431411391371341321301281261241221201181161141121101081061041021009896949290878583817977757371696765636159575859606162118656667686970717273747576132798081828384858687888990919293949596979899100101102103104105106107108109110111112113114115116117118119120121122123124
1351341331321311301291281271261251241231221211201191181171161151141131121111101091081061051041031021011009997969594939291908988878685848382818079787776757372717069686766656463626160595859606162631206667686970717273747576771348081828384858687888990919293949596979899100101102103104105106107108109110111112113114115116117118119120121122123124125
136135134133132131130129128127126125124123122121120119118117116115114113112111110109107106105104103102101100989796959493929190898887868584838281807978777674737271706968676665646362616059606162636412267686970717273747576777813681828384858687888990919293949596979899100101102103104105106107108109110111112113114115116117118119120121122123124125126
1371361351341331321311301291281271261251241231221211201191181171161151141131121111101081071061051041031021019998979695949392919089888786858483828180797877757473727170696867666564636261606162636465124686970717273747576777879138828384858687888990919293949596979899100101102103104105106107108109110111112113114115116117118119120121122123124125126127
138137136135134133132131130129128127126125124123122121120119118117116115114113112111109108107106105104103102100999897969594939291908988878685848382818079787675747372717069686766656463626162636465661266970717273747576777879801408384858687888990919293949596979899100101102103104105106107108109110111112113114115116117118119120121122123124125126127128
2142122102082062042022001981961941921901881861841821801781761741721701681661641621601571551531511491471451431401381361341321301281261241221201181161141121101081061041021009896939189878583817977757371696765636465666768129717273747576777879808182143858687888990919293949596979899100101102103104105106107108109110111112113114115116117118119120121122123124125126127128129130
141140139138137136135134133132131130129128127126125124123122121120119118117116115114112111110109108107106105103102101100999897969594939291908988878685848382817978777675747372717069686766656465666768691317273747576777879808182831458687888990919293949596979899100101102103104105106107108109110111112113114115116117118119120121122123124125126127128129130131
14214114013913813713613513413313213113012912812712612512412312212112011911811711611511311211111010910810710610410310210110099989796959493929190898887868584838280797877767574737271706968676665666768697013373747576777879808182838414787888990919293949596979899100101102103104105106107108109110111112113114115116117118119120121122123124125126127128129130131132
1431421411401391381371361351341331321311301291281271261251241231221211201191181171161141131121111101091081071051041031021011009998979695949392919089888786858483818079787776757473727170696867666768697071135747576777879808182838485149888990919293949596979899100101102103104105106107108109110111112113114115116117118119120121122123124125126127128129130131132133
144143142141140139138137136135134133132131130129128127126125124123122121120119118117115114113112111110109108106105104103102101100999897969594939291908988878685848281807978777675747372717069686768697071721377576777879808182838485861518990919293949596979899100101102103104105106107108109110111112113114115116117118119120121122123124125126127128129130131132133134
14514414314214114013913813713613513413313213113012912812712612512412312212112011911811611511411311211111010910710610510410310210110099989796959493929190898887868583828180797877767574737271706968697071727313976777879808182838485868715390919293949596979899100101102103104105106107108109110111112113114115116117118119120121122123124125126127128129130131132133134135
1461451441431421411401391381371361351341331321311301291281271261251241231221211201191171161151141131121111101081071061051041031021011009998979695949392919089888786848382818079787776757473727170697071727374141777879808182838485868788155919293949596979899100101102103104105106107108109110111112113114115116117118119120121122123124125126127128129130131132133134135136
147146145144143142141140139138137136135134133132131130129128127126125124123122121120118117116115114113112111109108107106105104103102101100999897969594939291908988878584838281807978777675747372717071727374751437879808182838485868788891579293949596979899100101102103104105106107108109110111112113114115116117118119120121122123124125126127128129130131132133134135136137
14814714614514414314214114013913813713613513413313213113012912812712612512412312212111911811711611511411311211010910810710610510410310210110099989796959493929190898886858483828180797877767574737271727374757614579808182838485868788899015993949596979899100101102103104105106107108109110111112113114115116117118119120121122123124125126127128129130131132133134135136137138
1491481471461451441431421411401391381371361351341331321311301291281271261251241231221201191181171161151141131111101091081071061051041031021011009998979695949392919089878685848382818079787776757473727374757677147808182838485868788899091161949596979899100101102103104105106107108109110111112113114115116117118119120121122123124125126127128129130131132133134135136137138139
150149148147146145144143142141140139138137136135134133132131130129128127126125124123121120119118117116115114112111110109108107106105104103102101100999897969594939291908887868584838281807978777675747374757677781498182838485868788899091921639596979899100101102103104105106107108109110111112113114115116117118119120121122123124125126127128129130131132133134135136137138139140
15115014914814714614514414314214114013913813713613513413313213113012912812712612512412212112011911811711611511311211111010910810710610510410310210110099989796959493929189888786858483828180797877767574757677787915182838485868788899091929316596979899100101102103104105106107108109110111112113114115116117118119120121122123124125126127128129130131132133134135136137138139140141
1521511501491481471461451441431421411401391381371361351341331321311301291281271261251231221211201191181171161141131121111101091081071061051041031021011009998979695949392908988878685848382818079787776757677787980153838485868788899091929394167979899100101102103104105106107108109110111112113114115116117118119120121122123124125126127128129130131132133134135136137138139140141142
153152151150149148147146145144143142141140139138137136135134133132131130129128127126124123122121120119118117115114113112111110109108107106105104103102101100999897969594939190898887868584838281807978777677787980811558485868788899091929394951699899100101102103104105106107108109110111112113114115116117118119120121122123124125126127128129130131132133134135136137138139140141142143
15415315215115014914814714614514414314214114013913813713613513413313213113012912812712512412312212112011911811611511411311211111010910810710610510410310210110099989796959492919089888786858483828180797877787980818215785868788899091929394959617199100101102103104105106107108109110111112113114115116117118119120121122123124125126127128129130131132133134135136137138139140141142143144
1551541531521511501491481471461451441431421411401391381371361351341331321311301291281261251241231221211201191171161151141131121111101091081071061051041031021011009998979695939291908988878685848382818079787980818283159868788899091929394959697173100101102103104105106107108109110111112113114115116117118119120121122123124125126127128129130131132133134135136137138139140141142143144145
15615515415315215115014914814714614514414314214114013913813713613513413313213113012912712612512412312212112011811711611511411311211111010910810710610510410310210110099989796949392919089888786858483828180798081828384161878889909192939495969798175101102103104105106107108109110111112113114115116117118119120121122123124125126127128129130131132133134135136137138139140141142143144145146
157156155154153152151150149148147146145144143142141140139138137136135134133132131130128127126125124123122121119118117116115114113112111110109108107106105104103102101100999897959493929190898887868584838281808182838485163888990919293949596979899177102103104105106107108109110111112113114115116117118119120121122123124125126127128129130131132133134135136137138139140141142143144145146147
15815715615515415315215115014914814714614514414314214114013913813713613513413313213112912812712612512412312212011911811711611511411311211111010910810710610510410310210110099989695949392919089888786858483828182838485861658990919293949596979899100179103104105106107108109110111112113114115116117118119120121122123124125126127128129130131132133134135136137138139140141142143144145146147148
1591581571561551541531521511501491481471461451441431421411401391381371361351341331321301291281271261251241231211201191181171161151141131121111101091081071061051041031021011009997969594939291908988878685848382838485868716790919293949596979899100101181104105106107108109110111112113114115116117118119120121122123124125126127128129130131132133134135136137138139140141142143144145146147148149
160159158157156155154153152151150149148147146145144143142141140139138137136135134133131130129128127126125124122121120119118117116115114113112111110109108107106105104103102101100989796959493929190898887868584838485868788169919293949596979899100101102183105106107108109110111112113114115116117118119120121122123124125126127128129130131132133134135136137138139140141142143144145146147148149150
1611601591581571561551541531521511501491481471461451441431421411401391381371361351341321311301291281271261251231221211201191181171161151141131121111101091081071061051041031021019998979695949392919089888786858485868788891719293949596979899100101102103185106107108109110111112113114115116117118119120121122123124125126127128129130131132133134135136137138139140141142143144145146147148149150151
237235233231229227225223221219217215213211209207205203201199197195193191189187185183180178176174172170168166163161159157155153151149147145143141139137135133131129127125123121119116114112110108106104102100989694929088868788899091174949596979899100101102103104105188108109110111112113114115116117118119120121122123124125126127128129130131132133134135136137138139140141142143144145146147148149150151152153
1641631621611601591581571561551541531521511501491481471461451441431421411401391381371351341331321311301291281261251241231221211201191181171161151141131121111101091081071061051041021011009998979695949392919089888788899091921769596979899100101102103104105106190109110111112113114115116117118119120121122123124125126127128129130131132133134135136137138139140141142143144145146147148149150151152153154
165164163162161160159158157156155154153152151150149148147146145144143142141140139138136135134133132131130129127126125124123122121120119118117116115114113112111110109108107106105103102101100999897969594939291908988899091929317896979899100101102103104105106107192110111112113114115116117118119120121122123124125126127128129130131132133134135136137138139140141142143144145146147148149150151152153154155
16616516416316216116015915815715615515415315215115014914814714614514414314214114013913713613513413313213113012812712612512412312212112011911811711611511411311211111010910810710610410310210110099989796959493929190899091929394180979899100101102103104105106107108194111112113114115116117118119120121122123124125126127128129130131132133134135136137138139140141142143144145146147148149150151152153154155156
1671661651641631621611601591581571561551541531521511501491481471461451441431421411401381371361351341331321311291281271261251241231221211201191181171161151141131121111101091081071051041031021011009998979695949392919091929394951829899100101102103104105106107108109196112113114115116117118119120121122123124125126127128129130131132133134135136137138139140141142143144145146147148149150151152153154155156157
168167166165164163162161160159158157156155154153152151150149148147146145144143142141139138137136135134133132130129128127126125124123122121120119118117116115114113112111110109108106105104103102101100999897969594939291929394959618499100101102103104105106107108109110198113114115116117118119120121122123124125126127128129130131132133134135136137138139140141142143144145146147148149150151152153154155156157158
16916816716616516416316216116015915815715615515415315215115014914814714614514414314214013913813713613513413313113012912812712612512412312212112011911811711611511411311211111010910710610510410310210110099989796959493929394959697186100101102103104105106107108109110111200114115116117118119120121122123124125126127128129130131132133134135136137138139140141142143144145146147148149150151152153154155156157158159
170169168167166165164163162161160159158157156155154153152151150149148147146145144143141140139138137136135134132131130129128127126125124123122121120119118117116115114113112111110108107106105104103102101100999897969594939495969798188101102103104105106107108109110111112202115116117118119120121122123124125126127128129130131132133134135136137138139140141142143144145146147148149150151152153154155156157158159160
1711701691681671661651641631621611601591581571561551541531521511501491481471461451441421411401391381371361351331321311301291281271261251241231221211201191181171161151141131121111091081071061051041031021011009998979695949596979899190102103104105106107108109110111112113204116117118119120121122123124125126127128129130131132133134135136137138139140141142143144145146147148149150151152153154155156157158159160161
172171170169168167166165164163162161160159158157156155154153152151150149148147146145143142141140139138137136134133132131130129128127126125124123122121120119118117116115114113112110109108107106105104103102101100999897969596979899100192103104105106107108109110111112113114206117118119120121122123124125126127128129130131132133134135136137138139140141142143144145146147148149150151152153154155156157158159160161162
17317217117016916816716616516416316216116015915815715615515415315215115014914814714614414314214114013913813713513413313213113012912812712612512412312212112011911811711611511411311111010910810710610510410310210110099989796979899100101194104105106107108109110111112113114115208118119120121122123124125126127128129130131132133134135136137138139140141142143144145146147148149150151152153154155156157158159160161162163
1741731721711701691681671661651641631621611601591581571561551541531521511501491481471451441431421411401391381361351341331321311301291281271261251241231221211201191181171161151141121111101091081071061051041031021011009998979899100101102196105106107108109110111112113114115116210119120121122123124125126127128129130131132133134135136137138139140141142143144145146147148149150151152153154155156157158159160161162163164
175174173172171170169168167166165164163162161160159158157156155154153152151150149148146145144143142141140139137136135134133132131130129128127126125124123122121120119118117116115113112111110109108107106105104103102101100999899100101102103198106107108109110111112113114115116117212120121122123124125126127128129130131132133134135136137138139140141142143144145146147148149150151152153154155156157158159160161162163164165
17617517417317217117016916816716616516416316216116015915815715615515415315215115014914714614514414314214114013813713613513413313213113012912812712612512412312212112011911811711611411311211111010910810710610510410310210110099100101102103104200107108109110111112113114115116117118214121122123124125126127128129130131132133134135136137138139140141142143144145146147148149150151152153154155156157158159160161162163164165166
177176175174173172171170169168167166165164163162161160159158157156155154153152151150148147146145144143142141139138137136135134133132131130129128127126125124123122121120119118117115114113112111110109108107106105104103102101100101102103104105202108109110111112113114115116117118119216122123124125126127128129130131132133134135136137138139140141142143144145146147148149150151152153154155156157158159160161162163164165166167
178177176175174173172171170169168167166165164163162161160159158157156155154153152151149148147146145144143142140139138137136135134133132131130129128127126125124123122121120119118116115114113112111110109108107106105104103102101102103104105106204109110111112113114115116117118119120218123124125126127128129130131132133134135136137138139140141142143144145146147148149150151152153154155156157158159160161162163164165166167168
179178177176175174173172171170169168167166165164163162161160159158157156155154153152150149148147146145144143141140139138137136135134133132131130129128127126125124123122121120119117116115114113112111110109108107106105104103102103104105106107206110111112113114115116117118119120121220124125126127128129130131132133134135136137138139140141142143144145146147148149150151152153154155156157158159160161162163164165166167168169
180179178177176175174173172171170169168167166165164163162161160159158157156155154153151150149148147146145144142141140139138137136135134133132131130129128127126125124123122121120118117116115114113112111110109108107106105104103104105106107108208111112113114115116117118119120121122222125126127128129130131132133134135136137138139140141142143144145146147148149150151152153154155156157158159160161162163164165166167168169170
181180179178177176175174173172171170169168167166165164163162161160159158157156155154152151150149148147146145143142141140139138137136135134133132131130129128127126125124123122121119118117116115114113112111110109108107106105104105106107108109210112113114115116117118119120121122123224126127128129130131132133134135136137138139140141142143144145146147148149150151152153154155156157158159160161162163164165166167168169170171
182181180179178177176175174173172171170169168167166165164163162161160159158157156155153152151150149148147146144143142141140139138137136135134133132131130129128127126125124123122120119118117116115114113112111110109108107106105106107108109110212113114115116117118119120121122123124226127128129130131132133134135136137138139140141142143144145146147148149150151152153154155156157158159160161162163164165166167168169170171172
183182181180179178177176175174173172171170169168167166165164163162161160159158157156154153152151150149148147145144143142141140139138137136135134133132131130129128127126125124123121120119118117116115114113112111110109108107106107108109110111214114115116117118119120121122123124125228128129130131132133134135136137138139140141142143144145146147148149150151152153154155156157158159160161162163164165166167168169170171172173
184183182181180179178177176175174173172171170169168167166165164163162161160159158157155154153152151150149148146145144143142141140139138137136135134133132131130129128127126125124122121120119118117116115114113112111110109108107108109110111112216115116117118119120121122123124125126230129130131132133134135136137138139140141142143144145146147148149150151152153154155156157158159160161162163164165166167168169170171172173174
185184183182181180179178177176175174173172171170169168167166165164163162161160159158156155154153152151150149147146145144143142141140139138137136135134133132131130129128127126125123122121120119118117116115114113112111110109108109110111112113218116117118119120121122123124125126127232130131132133134135136137138139140141142143144145146147148149150151152153154155156157158159160161162163164165166167168169170171172173174175
186185184183182181180179178177176175174173172171170169168167166165164163162161160159157156155154153152151150148147146145144143142141140139138137136135134133132131130129128127126124123122121120119118117116115114113112111110109110111112113114220117118119120121122123124125126127128234131132133134135136137138139140141142143144145146147148149150151152153154155156157158159160161162163164165166167168169170171172173174175176
187186185184183182181180179178177176175174173172171170169168167166165164163162161160158157156155154153152151149148147146145144143142141140139138137136135134133132131130129128127125124123122121120119118117116115114113112111110111112113114115222118119120121122123124125126127128129236132133134135136137138139140141142143144145146147148149150151152153154155156157158159160161162163164165166167168169170171172173174175176177
188187186185184183182181180179178177176175174173172171170169168167166165164163162161159158157156155154153152150149148147146145144143142141140139138137136135134133132131130129128126125124123122121120119118117116115114113112111112113114115116224119120121122123124125126127128129130238133134135136137138139140141142143144145146147148149150151152153154155156157158159160161162163164165166167168169170171172173174175176177178
189188187186185184183182181180179178177176175174173172171170169168167166165164163162160159158157156155154153151150149148147146145144143142141140139138137136135134133132131130129127126125124123122121120119118117116115114113112113114115116117226120121122123124125126127128129130131240134135136137138139140141142143144145146147148149150151152153154155156157158159160161162163164165166167168169170171172173174175176177178179
190189188187186185184183182181180179178177176175174173172171170169168167166165164163161160159158157156155154152151150149148147146145144143142141140139138137136135134133132131130128127126125124123122121120119118117116115114113114115116117118228121122123124125126127128129130131132242135136137138139140141142143144145146147148149150151152153154155156157158159160161162163164165166167168169170171172173174175176177178179180
191190189188187186185184183182181180179178177176175174173172171170169168167166165164162161160159158157156155153152151150149148147146145144143142141140139138137136135134133132131129128127126125124123122121120119118117116115114115116117118119230122123124125126127128129130131132133244136137138139140141142143144145146147148149150151152153154155156157158159160161162163164165166167168169170171172173174175176177178179180181
192191190189188187186185184183182181180179178177176175174173172171170169168167166165163162161160159158157156154153152151150149148147146145144143142141140139138137136135134133132130129128127126125124123122121120119118117116115116117118119120232123124125126127128129130131132133134246137138139140141142143144145146147148149150151152153154155156157158159160161162163164165166167168169170171172173174175176177178179180181182
193192191190189188187186185184183182181180179178177176175174173172171170169168167166164163162161160159158157155154153152151150149148147146145144143142141140139138137136135134133131130129128127126125124123122121120119118117116117118119120121234124125126127128129130131132133134135248138139140141142143144145146147148149150151152153154155156157158159160161162163164165166167168169170171172173174175176177178179180181182183
194193192191190189188187186185184183182181180179178177176175174173172171170169168167165164163162161160159158156155154153152151150149148147146145144143142141140139138137136135134132131130129128127126125124123122121120119118117118119120121122236125126127128129130131132133134135136250139140141142143144145146147148149150151152153154155156157158159160161162163164165166167168169170171172173174175176177178179180181182183184
195194193192191190189188187186185184183182181180179178177176175174173172171170169168166165164163162161160159157156155154153152151150149148147146145144143142141140139138137136135133132131130129128127126125124123122121120119118119120121122123238126127128129130131132133134135136137252140141142143144145146147148149150151152153154155156157158159160161162163164165166167168169170171172173174175176177178179180181182183184185
196195194193192191190189188187186185184183182181180179178177176175174173172171170169167166165164163162161160158157156155154153152151150149148147146145144143142141140139138137136134133132131130129128127126125124123122121120119120121122123124240127128129130131132133134135136137138254141142143144145146147148149150151152153154155156157158159160161162163164165166167168169170171172173174175176177178179180181182183184185186
197196195194193192191190189188187186185184183182181180179178177176175174173172171170168167166165164163162161159158157156155154153152151150149148147146145144143142141140139138137135134133132131130129128127126125124123122121120121122123124125242128129130131132133134135136137138139256142143144145146147148149150151152153154155156157158159160161162163164165166167168169170171172173174175176177178179180181182183184185186187
198197196195194193192191190189188187186185184183182181180179178177176175174173172171169168167166165164163162160159158157156155154153152151150149148147146145144143142141140139138136135134133132131130129128127126125124123122121122123124125126244129130131132133134135136137138139140258143144145146147148149150151152153154155156157158159160161162163164165166167168169170171172173174175176177178179180181182183184185186187188
199198197196195194193192191190189188187186185184183182181180179178177176175174173172170169168167166165164163161160159158157156155154153152151150149148147146145144143142141140139137136135134133132131130129128127126125124123122123124125126127246130131132133134135136137138139140141260144145146147148149150151152153154155156157158159160161162163164165166167168169170171172173174175176177178179180181182183184185186187188189
200199198197196195194193192191190189188187186185184183182181180179178177176175174173171170169168167166165164162161160159158157156155154153152151150149148147146145144143142141140138137136135134133132131130129128127126125124123124125126127128248131132133134135136137138139140141142262145146147148149150151152153154155156157158159160161162163164165166167168169170171172173174175176177178179180181182183184185186187188189190
201200199198197196195194193192191190189188187186185184183182181180179178177176175174172171170169168167166165163162161160159158157156155154153152151150149148147146145144143142141139138137136135134133132131130129128127126125124125126127128129250132133134135136137138139140141142143264146147148149150151152153154155156157158159160161162163164165166167168169170171172173174175176177178179180181182183184185186187188189190191
202201200199198197196195194193192191190189188187186185184183182181180179178177176175173172171170169168167166164163162161160159158157156155154153152151150149148147146145144143142140139138137136135134133132131130129128127126125126127128129130252133134135136137138139140141142143144266147148149150151152153154155156157158159160161162163164165166167168169170171172173174175176177178179180181182183184185186187188189190191192
203202201200199198197196195194193192191190189188187186185184183182181180179178177176174173172171170169168167165164163162161160159158157156155154153152151150149148147146145144143141140139138137136135134133132131130129128127126127128129130131254134135136137138139140141142143144145268148149150151152153154155156157158159160161162163164165166167168169170171172173174175176177178179180181182183184185186187188189190191192193
204203202201200199198197196195194193192191190189188187186185184183182181180179178177175174173172171170169168166165164163162161160159158157156155154153152151150149148147146145144142141140139138137136135134133132131130129128127128129130131132256135136137138139140141142143144145146270149150151152153154155156157158159160161162163164165166167168169170171172173174175176177178179180181182183184185186187188189190191192193194
205204203202201200199198197196195194193192191190189188187186185184183182181180179178176175174173172171170169167166165164163162161160159158157156155154153152151150149148147146145143142141140139138137136135134133132131130129128129130131132133258136137138139140141142143144145146147272150151152153154155156157158159160161162163164165166167168169170171172173174175176177178179180181182183184185186187188189190191192193194195
206205204203202201200199198197196195194193192191190189188187186185184183182181180179177176175174173172171170168167166165164163162161160159158157156155154153152151150149148147146144143142141140139138137136135134133132131130129130131132133134260137138139140141142143144145146147148274151152153154155156157158159160161162163164165166167168169170171172173174175176177178179180181182183184185186187188189190191192193194195196
207206205204203202201200199198197196195194193192191190189188187186185184183182181180178177176175174173172171169168167166165164163162161160159158157156155154153152151150149148147145144143142141140139138137136135134133132131130131132133134135262138139140141142143144145146147148149276152153154155156157158159160161162163164165166167168169170171172173174175176177178179180181182183184185186187188189190191192193194195196197
208207206205204203202201200199198197196195194193192191190189188187186185184183182181179178177176175174173172170169168167166165164163162161160159158157156155154153152151150149148146145144143142141140139138137136135134133132131132133134135136264139140141142143144145146147148149150278153154155156157158159160161162163164165166167168169170171172173174175176177178179180181182183184185186187188189190191192193194195196197198
209208207206205204203202201200199198197196195194193192191190189188187186185184183182180179178177176175174173171170169168167166165164163162161160159158157156155154153152151150149147146145144143142141140139138137136135134133132133134135136137266140141142143144145146147148149150151280154155156157158159160161162163164165166167168169170171172173174175176177178179180181182183184185186187188189190191192193194195196197198199
210209208207206205204203202201200199198197196195194193192191190189188187186185184183181180179178177176175174172171170169168167166165164163162161160159158157156155154153152151150148147146145144143142141140139138137136135134133134135136137138268141142143144145146147148149150151152282155156157158159160161162163164165166167168169170171172173174175176177178179180181182183184185186187188189190191192193194195196197198199200
211210209208207206205204203202201200199198197196195194193192191190189188187186185184182181180179178177176175173172171170169168167166165164163162161160159158157156155154153152151149148147146145144143142141140139138137136135134135136137138139270142143144145146147148149150151152153284156157158159160161162163164165166167168169170171172173174175176177178179180181182183184185186187188189190191192193194195196197198199200201
212211210209208207206205204203202201200199198197196195194193192191190189188187186185183182181180179178177176174173172171170169168167166165164163162161160159158157156155154153152150149148147146145144143142141140139138137136135136137138139140272143144145146147148149150151152153154286157158159160161162163164165166167168169170171172173174175176177178179180181182183184185186187188189190191192193194195196197198199200201202
213212211210209208207206205204203202201200199198197196195194193192191190189188187186184183182181180179178177175174173172171170169168167166165164163162161160159158157156155154153151150149148147146145144143142141140139138137136137138139140141274144145146147148149150151152153154155288158159160161162163164165166167168169170171172173174175176177178179180181182183184185186187188189190191192193194195196197198199200201202203
214213212211210209208207206205204203202201200199198197196195194193192191190189188187185184183182181180179178176175174173172171170169168167166165164163162161160159158157156155154152151150149148147146145144143142141140139138137138139140141142276145146147148149150151152153154155156290159160161162163164165166167168169170171172173174175176177178179180181182183184185186187188189190191192193194195196197198199200201202203204
215214213212211210209208207206205204203202201200199198197196195194193192191190189188186185184183182181180179177176175174173172171170169168167166165164163162161160159158157156155153152151150149148147146145144143142141140139138139140141142143278146147148149150151152153154155156157292160161162163164165166167168169170171172173174175176177178179180181182183184185186187188189190191192193194195196197198199200201202203204205
216215214213212211210209208207206205204203202201200199198197196195194193192191190189187186185184183182181180178177176175174173172171170169168167166165164163162161160159158157156154153152151150149148147146145144143142141140139140141142143144280147148149150151152153154155156157158294161162163164165166167168169170171172173174175176177178179180181182183184185186187188189190191192193194195196197198199200201202203204205206
217216215214213212211210209208207206205204203202201200199198197196195194193192191190188187186185184183182181179178177176175174173172171170169168167166165164163162161160159158157155154153152151150149148147146145144143142141140141142143144145282148149150151152153154155156157158159296162163164165166167168169170171172173174175176177178179180181182183184185186187188189190191192193194195196197198199200201202203204205206207
218217216215214213212211210209208207206205204203202201200199198197196195194193192191189188187186185184183182180179178177176175174173172171170169168167166165164163162161160159158156155154153152151150149148147146145144143142141142143144145146284149150151152153154155156157158159160298163164165166167168169170171172173174175176177178179180181182183184185186187188189190191192193194195196197198199200201202203204205206207208
219218217216215214213212211210209208207206205204203202201200199198197196195194193192190189188187186185184183181180179178177176175174173172171170169168167166165164163162161160159157156155154153152151150149148147146145144143142143144145146147286150151152153154155156157158159160161300164165166167168169170171172173174175176177178179180181182183184185186187188189190191192193194195196197198199200201202203204205206207208209
220219218217216215214213212211210209208207206205204203202201200199198197196195194193191190189188187186185184182181180179178177176175174173172171170169168167166165164163162161160158157156155154153152151150149148147146145144143144145146147148288151152153154155156157158159160161162302165166167168169170171172173174175176177178179180181182183184185186187188189190191192193194195196197198199200201202203204205206207208209210
